Q,A
철근 콘크리트의 장점은 무엇인가요?,철근 콘크리트는 인장력과 압축력에 강하며 내화성(fire resistance)이 우수합니다. 또한 콘크리트의 단열성과 철근의 인장력을 결합하여 내구성(durability)과 경제성(cost-effectiveness)을 갖추고 있습니다.
철근 콘크리트를 사용하는 이유는 무엇인가요?,"철근 콘크리트는 건물의 강도와 내구성을 향상시키며, 구조물을 보강하여 안전성을 높입니다. 또한 대규모 건축물에 적합하며 지진이나 기타 자연재해에 대비할 수 있는 강력한 구조를 제공합니다."
단열재의 종류와 선택 기준은?,"단열재의 종류와 선택 기준은 다음과 같습니다.

1. 유리면
  - 장점: 가볍고 얇은 반면 보온성이 우수하고 쉽게 설치할 수 있습니다.
  - 단점: 취약하여 쉽게 손상될 수 있습니다.

2. 폴리우레탄
  - 장점: 가볍고 보온성이 우수하며 내구성이 좋습니다.
  - 단점: 비쌀 수 있으며 설치가 어려울 수 있습니다.

3. 셀룰로오스
  - 장점: 사용하기 쉽고 저렴합니다.
  - 단점: 습기를 흡수하기 쉽고 대량으로 필요합니다.

4. 락울
  - 장점: 가볍고 보온성이 우수하며 방화성이 좋습니다.
  - 단점: 습기를 흡수하기 쉽고 비쌀 수 있습니다.

5. 유리섬유
  - 장점: 싸고 설치하기 쉽습니다.
  - 단점: 피부 접촉 시 자극을 일으킬 수 있습니다."
단열재를 선택할 때 고려해야 하는 요소는 무엇인가요?,"단열재를 선택할 때 고려해야 하는 중요한 요소로는 열전도율, 내구성, 환경 친화성, 가격, 설치 용이성 등이 있습니다. 이러한 요소들을 고려하여 건물의 단열성능과 비용 효율성을 최적화할 수 있습니다."
방수 처리의 중요성은 무엇인가요?,"방수처리는 건물의 수명을 연장하고, 곰팡이와 부패를 방지하며, 건강에 해로운 물질로부터 보호합니다. 또한, 건물의 에너지 효율성을 향상시켜 에너지 비용을 절감할 수 있습니다."
왜 방수 처리가 제품에 필요한가요?,"방수 처리는 제품을 수분, 습기, 비 등으로부터 보호하여 내구성과 수명을 증가시키며, 곰팡이와 부식 등의 문제를 방지합니다. 이는 건축물이나 제품이 더 긴 시간 동안 안정적으로 유지될 수 있도록 도와줍니다."
플로팅 슬래브 기초란 무엇인가요?,"플로팅 슬래브 기초:

* 지반 위에 직접 놓인 콘크리트 슬래브 기초
* 보다 안정적이고 균일한 지지력 제공
* 정기적인 점검 및 유지 관리가 필요
* 지반 조건에 따라 설계 및 시공이 다름"
플로팅 슬래브 기초에서 사용되는 재료는 무엇인가요?,"플로팅 슬래브 기초에서 사용되는 주요 재료는 콘크리트와 강철이며, 종종 모래나 자갈도 혼합물에 포함됩니다. 이러한 재료는 구조물의 안정성과 내구성을 확보하는 데 중요한 역할을 합니다."
모멘트 프레임 구조의 장점은 무엇인가요?,"모멘트 프레임 구조는 지진이나 강풍과 같은 측면 하중에 강한 구조입니다. 이 구조는 모든 수직 하중과 측면 하중을 모멘트 방식으로 저항하도록 설계되었습니다. 즉, 모멘트 프레임 구조는 지붕, 바닥 및 벽과 같은 구조 요소의 강성과 연성을 활용하여 측면 하중을 지지합니다."
모멘트 프레임 구조에서 주로 사용되는 재료는 무엇인가요?,모멘트 프레임 구조에서는 강철이 일반적으로 주로 사용됩니다. 이는 강철의 뛰어난 강도와 형태 안정성으로 인해 구조물에 효율적으로 부하를 전달할 수 있기 때문입니다.
도배지가 벽에 잘 붙지 않는 이유는 무엇인가요?,"도배지가 벽에 잘 붙지 않는 이유는 다음과 같습니다.

* 도배지가 벽에 잘 붙지 않는 이유는 벽에 먼지나 기름이 묻어 있기 때문입니다.
* 벽에 먼지나 기름이 묻어 있으면 도배지가 벽에 잘 붙지 않고 떨어져 나옵니다.
* 따라서 도배지를 바르기 전에 벽을 깨끗하게 닦고 먼지와 기름을 제거해야 합니다."
벽면에 도배지가 잘 안붙는 경우에는 어떤 원인이 있는가요?,"벽면에 도배지가 잘 안붙는 경우에는 주로 먼지, 기름, 혹은 습기와 같은 물질이 벽면에 남아 있거나, 벽면의 표면이 부드럽지 않아서 발생할 수 있습니다. 이러한 원인으로 인해 도배지가 제대로 고정되지 않을 수 있습니다."
도배 시 방향을 어떻게 정해야 하나요?,"도배 시 방향을 정할 때 고려해야 할 몇 가지 중요한 요소가 있습니다. 첫째, 방의 크기와 형태를 고려하세요. 작은 방은 작게 보일 수 있도록 가로 또는 세로로 도배할 수 있습니다. 두번째, 방의 주요 특징을 강조하세요. 강조하려는 벽이 있다면 해당 벽을 강조하는 것이 좋습니다. 마지막으로, 조명과 가구 배치도를 고려하세요. 도배 방향이 조명이나 가구 배치와 어울리도록 선택하세요. 이러한 고려 사항을 고려하여 방향을 선택하면 조화로운 공간을 만들 수 있습니다."
도배 시 방향을 고려할 때 어떤 요소들을 고려해야 하나요?,"도배 시 방향을 결정할 때 고려해야 할 요소에는 조명의 위치, 공간의 크기 및 모양, 장식적 요소와의 조화, 그리고 사용자의 시선과 흐름을 고려하는 등의 요소가 있습니다."
현대적인 인테리어 스타일은 어떤 특징이 있나요?,"현대적인 인테리어 스타일은 무엇보다도 기능성과 심플함을 중시합니다. 또한 선명한 선과 중립적인 색상을 사용하여 공간을 넓고 깨끗하게 보이게 합니다. 또한 자연광을 최대한 활용하여 공간을 더 밝고 통풍이 잘 되게 만들며, 자연 소재와 인공 소재를 조화롭게 결합합니다."
현대적으로 디자인된 인테리어에서 주로 사용되는 소재는 무엇인가요?,"현대적으로 디자인된 인테리어에서는 주로 강화 유리, 스테인리스 스틸, 석재, 목재, 그리고 현대적인 디자인을 강조하는 합성 소재들이 많이 사용됩니다."
건물의 안전을 유지하기 위해 면진장치는 어떤 구조로 되어 있나요?,"면진장치는 건물과 지반 사이에 설치되는 장치로, 지진이나 강풍과 같은 외부 충격으로부터 건물을 보호합니다. 면진장치는 일반적으로 고무, 스프링, 유압 장치 등으로 구성되어 있으며, 지진이나 강풍이 발생하면 이러한 장치가 변형되어 건물에 가해지는 힘을 흡수합니다. 면진장치는 또한 건물의 고유 진동수를 변화시켜 건물이 지진이나 강풍에 공진하는 것을 방지합니다."
건물 안전을 위한 면진장치의 주요 기능은 무엇인가요?,"면진장치의 주요 기능은 화재, 풍력, 지진과 같은 재해로부터 건물과 거주자를 보호하는 것입니다. 또한 건물의 안정성과 구조적 강도를 강화하여 안전한 환경을 제공합니다."
건축구조에서 사용되는 내진설계의 기본적인 종류에는 어떤 것들이 있나요?,"내진설계의 기본적인 종류:
- 기초 격리 방식
- 에너지 흡수 및 소산 방식
- 강성 및 내력 향상 방식"
건축 구조물의 내진설계에 있어 가장 효과적인 방법은 무엇인가요?,내진설계에서 가장 효과적인 방법은 건축물의 전체적인 구조를 고려하여 적절한 강도와 유연성을 갖추는 것입니다. 이를 위해 고급 시뮬레이션 기술과 최신 설계 기법을 활용하여 지진에 대비한 견고한 구조를 구현합니다.
"콘크리트 구조와 비교했을 때, 철골구조의 어떤 장점이 있나요?","철골 구조는 콘크리트 구조에 비해 다음과 같은 장점이 있습니다:

* **소요 공사 기간이 짧습니다.** 철골 구조는 부재를 공장에서 제작하여 현장에서 조립하는 방식이므로 공사 기간이 짧습니다.
* **경량입니다.** 철골 구조는 콘크리트 구조보다 경량이므로 구조물에 가해지는 하중이 적어집니다.
* **재사용이 가능합니다.** 철골 구조는 부재를 재사용할 수 있으므로 환경 친화적입니다."
철골구조는 어떻게 콘크리트 구조와 다른가요?,"철골구조는 철과 강철을 중심으로 구성되어 있어 높은 강도와 유연성을 제공하며, 건물 내부 공간을 최대한 확보할 수 있습니다. 반면 콘크리트 구조는 콘크리트로 형성되어 강도와 내구성을 갖추며 화재에 대한 내성이 뛰어납니다."
철골철근 콘크리트 구조의 장점과 단점은 무엇인가요?,"* 장점:
    * 강도와 내구성이 우수합니다.
    * 지진, 화재 등의 재난에 강합니다.
    * 공사 기간이 비교적 짧습니다.
* 단점:
    * 콘크리트의 자중이 무겁습니다.
    * 철근이 부식될 수 있습니다.
    * 건설 비용이 비쌀 수 있습니다."
"철골철근 콘크리트 구조의 장점은 무엇이고, 어떤 단점이 있나요?","철골철근 콘크리트 구조의 장점은 뛰어난 강도와 내구성을 갖추며 건물 내부 공간을 최적으로 활용할 수 있다는 것입니다. 그러나 단점으로는 건축 시간이 오래 걸리고 비용이 상대적으로 높을 수 있으며, 특히 대규모 건축물에 적합하지 않을 수 있습니다."
철골구조의 장점과 단점은 무엇인가요?,"철골구조는 건축에 많은 장점을 제공합니다. 먼저 강도가 뛰어나고 안정적이며 오랜 기간 동안 사용할 수 있습니다. 또한 큰 공간을 지탱할 수 있어 건물 내부 공간을 최대화할 수 있습니다. 그러나 단점도 있습니다. 철골은 부식될 수 있으며, 설치 및 유지 보수 비용이 높을 수 있습니다. 또한 철골구조의 설계와 건설에는 특별한 전문 지식이 필요합니다."
철골구조가 어떤 장단점을 가지고 있나요?,"철골구조의 장점은 높은 강도와 유연성으로 건물 내부 공간을 확보할 수 있는 것입니다. 그러나 단점으로는 화재에 취약하고 부식이 발생할 수 있으며, 설계와 건설이 복잡하며 비용이 상대적으로 높을 수 있습니다."
"건축구조에서 커튼월은 건물 내부에서 사용되는 가벽으로, 주로 가벽의 외관을 꾸미거나 장식적인 목적으로 사용되는데, 이와 관련하여 어떤 재료가 주로 사용되고 있나요?","커튼월은 건물 내부에서 주로 사용되는 가벽으로, 주로 장식적인 목적으로 사용됩니다. 이를 만들기 위해 주로 사용되는 재료로는 유리, 석재, 목재, 금속, 그리고 복합재료 등이 있습니다. 이 중에서도 유리 커튼월은 투명하고 현란한 외관을 제공하여 건물의 미적 가치를 높이는 데 널리 사용됩니다. 또한 석재나 목재를 사용한 커튼월은 전통적이고 고급스러운 분위기를 연출하는 데 많이 활용됩니다. 

**유리, 석재, 목재, 금속 등 다양한 재료가 사용되며, 장식적인 목적에 따라 선택됩니다.**"
건축구조에서 커튼월을 만들 때 사용되는 주요 재료는 무엇인가요?,"건축구조에서 커튼월을 만들 때 주로 유리, 알루미늄, 스틸 및 석고보드 등이 사용됩니다. 이러한 재료들은 커튼월의 외부를 형성하고 건물 내부로 자연광을 투영시키는 역할을 합니다."
지진이 발생했을 때 건물이 안전하게 유지되도록 설계된 내진구조는 어떤 원리로 작동하나요?,"내진구조는 지진이 발생했을 때 건물이 안전하게 유지되도록 설계됩니다. 이를 위해 몇 가지 원리가 작용합니다. 첫째, 건물의 기초부터 지붕까지 전체 구조물이 하나로 연결되어 하중을 공동으로 견디도록 설계됩니다. 둘째, 건물의 강도와 유연성을 높이기 위해 강철이나 철근을 사용하여 구조물을 강화합니다. 셋째, 지진 시 충격을 흡수하고 흩어지지 않도록 구조물에 충격 흡수 장치를 포함시킵니다. 이러한 원리들이 결합되어 지진 시 건물의 안전성을 유지하는데 기여합니다. 

**지진 시 건물의 하중을 공동으로 견디고 충격을 흡수하여 안전성을 유지합니다.**"
건물의 내진설계는 왜 중요한가요?,건물의 내진설계는 지진 발생 시 건물과 거주자의 안전을 보장하며 재해로부터 보호합니다. 적절한 내진설계는 건물의 구조적 강도를 강화하여 인명피해와 재산손실을 최소화하는 역할을 합니다.
중목구조 방식이 건축 구조에 어떤 영향을 미치나요?,"중목구조 방식은 건축 구조에 중요한 영향을 미칩니다. 이 방식은 건물의 중앙에 있는 기둥이나 기둥 모양의 요소를 통해 지지되는 구조를 의미합니다. 이 방식은 건물 내부 공간을 최대화하고, 건축물의 무게를 효과적으로 분산시키는 데 도움이 됩니다. 또한 중목구조는 건축물의 안정성과 강도를 높여주는 역할을 합니다. 이러한 영향으로 중목구조는 건축 디자인과 구조에 중요한 요소로 작용합니다."
건축 구조에 중목구조 방식이 사용될 때 어떤 장단점이 있나요?,"중목구조 방식의 장점은 빠른 건설과 자연스러운 디자인이며, 단점으로는 재료비와 유지보수 비용이 높을 수 있으며 화재에 취약할 수 있습니다."
기둥-보 구조 방식은 어떻게 건축물의 안정성을 보장하는 것인가요?,"기둥보 구조는 건축물의 중량을 기둥으로 지지하고, 기둥에 가해지는 하중을 보로 분산시켜 건축물의 안정성을 확보하는 방식입니다. 기둥은 수직 하중을 지지하는 역할을 하고, 보는 수평 하중을 지지하는 역할을 하며, 이 두 요소가 서로 균형을 이루어 건축물의 안정성을 보장합니다."
건축물의 안전을 위해 기둥-보 구조 방식에서 어떤 요소들이 사용되나요?,기둥-보 구조 방식에서는 주로 강철 또는 콘크리트로 만든 기둥과 보가 사용됩니다. 기둥은 수직적인 하중을 지탱하고 보는 수평적인 하중을 전달하여 건축물의 안전과 구조적 안정성을 보장합니다.
블록구조는 건축물의 안정성을 어떻게 보장해주나요?,블록구조는 각 블록이 서로 엇갈리게 쌓여 하중을 분산시켜 건축물의 안정성을 보장합니다. 또한 블록 사이의 모르타르가 건축물에 강도와 내구성을 제공하여 지진이나 기타 외부 충격에 강합니다.
건축물의 안전을 보장하기 위해 블록구조에서 어떤 요소들이 사용되나요?,건축물의 안전을 보장하기 위해 블록구조에서는 콘크리트나 석재로 만든 벽돌 또는 블록이 사용됩니다. 이들은 건물의 구조적인 견고함을 제공하고 내부 공간을 안정적으로 지탱하여 안전을 보장합니다.
철골구조의 장점과 비교하여 어떤 상황에서 단점이 발생할 수 있나요?,"철골구조는 경량, 시공성 및 내구성이 뛰어난 구조 시스템입니다. 하지만 비교적 고가이며 방음, 내화 성능이 다소 떨어집니다. 따라서 단열 및 방음 시설이 필요한 공공시설이나 주택 등에 적합하지 않습니다."
철골구조의 단점으로 인해 어떤 안전 문제가 발생할 수 있나요?,"철골구조의 단점으로 인해 안전 문제가 발생할 수 있는데, 주로 화재 발생 시 강철이 빠르게 변형되고 약해져 건물의 구조적 안전성이 저하될 수 있습니다. 또한 부식이나 부실한 설계로 인한 구조적 결함도 안전 문제로 이어질 수 있습니다."
건축구조에서 사용되는 콘크리트의 다양한 형태는 무엇인가요?,"콘크리트의 다양한 형태:

* 일반 콘크리트: 모래, 자갈, 시멘트, 물을 혼합하여 만든 가장 기본적인 콘크리트.
* 강화 콘크리트: 철근을 콘크리트에 넣어 인장력을 증가시킨 콘크리트.
* 경량 콘크리트: 경량 골재를 사용하여 무게를 줄인 콘크리트.
* 고성능 콘크리트: 특수한 골재와 시멘트를 사용하여 내구성, 강도, 작업성을 높인 콘크리트.
* 자기다짐 콘크리트: 진동기를 사용하지 않고도 굳을 때 스스로 다져지는 콘크리트."
건축물 구조에서 콘크리트가 어떻게 활용되고 있나요?,"건축물 구조에서 콘크리트는 기둥, 보, 벽 등의 주요 구조물로 활용되며, 건물의 안정성과 내구성을 확보하는 데 중요한 역할을 합니다. 또한 콘크리트는 다양한 형태로 주변 환경과 어우러져 미적 가치를 높이는 데도 사용됩니다."
특징적인 철골콘크리트 구조물의 장점은 무엇인가요?,"철골콘크리트 구조물의 장점:

* 내구성과 내화성이 우수합니다.
* 콘크리트의 압축 강도와 철근의 인장 강도를 효율적으로 결합하여 구조물의 강도를 높일 수 있습니다.
* 콘크리트가 철근을 보호하여 부식을 방지할 수 있습니다.
* 다양한 형태의 구조물을 설계할 수 있습니다."
특징적인 철골콘크리트 구조물은 어떤 점이 뛰어난가요?,"특징적인 철골콘크리트 구조물은 뛰어난 강도와 내구성을 갖추어 안전성을 높이고, 다양한 디자인 요소를 포함하여 건물의 미적 가치를 향상시킵니다. 또한 건축 시간을 단축하고 건축 비용을 절감하는 장점도 있습니다."
건축물의 면진구조는 건물의 안정성을 어떻게 보장하나요?,진동을 흡수하고 분산시켜 건물의 안정성을 유지합니다.
면진구조에 대한 건축물 안정성의 영향은 어떻게 되나요?,면진구조는 지진 발생 시 건물의 안전성을 높입니다. 이는 면진장치가 지진 흔들림을 흡수하고 건물의 피난 통로를 확보하여 인명 피해를 최소화하는 역할을 합니다.
철골구조의 장점과 단점은 무엇인가요?,"철골구조의 장점:

* 가벼움과 강도: 철골은 콘크리트보다 가벼우면서도 강도가 높아 대규모 건물을 지을 수 있습니다.
* 건설 속도: 철골구조는 다른 구조 방식보다 건설 속도가 빠릅니다.
* 설계의 유연성: 철골은 다양한 모양과 크기로 제작할 수 있어 설계의 유연성이 높습니다.

철골구조의 단점:

* 내화성 부족: 철골은 화재 시 쉽게 변형되고 녹을 수 있습니다.
* 내구성 부족: 철골은 콘크리트보다 내구성이 떨어집니다.
* 방음 및 단열 성능 부족: 철골은 소음과 열을 차단하는 성능이 떨어집니다."
철골구조가 어떤 장단점을 가지고 있나요?,철골구조의 장점으로는 높은 강도와 유연성으로 건축물의 내부 공간을 효율적으로 활용할 수 있다는 점이 있습니다. 그러나 화재에 취약하고 부식이 발생할 수 있으며 설계와 건설이 복잡하고 비용이 상대적으로 높을 수 있습니다.
철골구조와 목구조의 차이점은 무엇인가요?,"철골구조는 강철로 된 기둥과 보로 구성된 구조이고, 목구조는 목재로 된 기둥과 보로 구성된 구조입니다. 철골구조는 목구조보다 강도가 높고 내구성이 우수하지만 가격이 비쌉니다. 목구조는 철골구조보다 가격이 저렴하고 환경 친화적이지만 강도가 낮고 내구성이 떨어집니다."
철골구조와 목구조를 구분하는 주요 특징은 무엇인가요?,"철골구조와 목구조를 구분하는 주요 특징 중 하나는 재료입니다. 철골구조는 주로 강철이 사용되고, 목구조는 주로 나무가 사용됩니다. 또한 구조적인 강도와 내구성에서도 차이가 있습니다."
철근콘크리트 구조는 건축물을 지탱하는 데 어떻게 도움을 주나요?,"철근콘크리트 구조는 건축물을 지탱하는 데 중요한 역할을 합니다. 먼저 콘크리트는 강도가 높고 압축에 강한 성질을 가지고 있어 건물을 안정적으로 지탱할 수 있습니다. 이에 철근은 콘크리트의 인장 강도를 향상시켜 구조물의 부재가 늘어날 때 발생하는 응력을 효과적으로 분산시킵니다. 또한 철근콘크리트는 다양한 형태와 크기의 건축물을 건설할 수 있으며, 건물의 형태와 기능에 따라 적절한 설계가 가능합니다. 이러한 특성으로 철근콘크리트는 건축물을 안정적으로 지탱하고 내구성을 높이는 데 도움을 줍니다."
철근콘크리트 구조에 사용되는 강도 증진 기술은 어떤 것이 있나요?,"철근콘크리트 구조의 강도 증진을 위한 기술로는 섬유 보강 콘크리트, 사전 응력 콘크리트, 그리고 혼합물에 첨가되는 강화제 등이 있습니다. 이러한 기술은 구조물의 강도와 내구성을 향상시키는 데 기여합니다."
건축물의 구조는 어떤 요소에 따라 구분할 수 있나요?,"건축물의 구조는 다음과 같은 요소에 따라 구분할 수 있습니다.

* 구조 재료
* 구조 형식
* 구조 시스템

각각의 요소에 따라 건축물의 구조는 다양한 유형으로 나눌 수 있습니다."
건축물을 설계할 때 주로 고려해야 하는 구조적인 측면은 무엇인가요?,"건축물을 설계할 때 주로 고려해야 하는 구조적인 측면은 하중 전달, 안전성, 내진설계, 내풍설계, 그리고 화재 안전 등이 있습니다. 이러한 요소들은 건물의 구조적 안정성과 내구성을 보장하는 데 중요한 역할을 합니다."
조적식 구조에서 사용되는 다양한 재료와 기술은 무엇인가요?,"조적식 구조에서 사용되는 다양한 재료와 기술은 다음과 같습니다.

* 천연석 또는 인공석
* 벽돌 또는 블록
* 모르타르
* 보강재
* 석공 도구
* 시공 방법"
조적식 구조에서 사용되는 재료와 기술의 종류는 무엇인가요?,"조적식 구조에서 사용되는 주요 재료로는 벽돌, 돌, 시멘트, 그리고 석고가 있으며, 주로 벽돌을 쌓는 기술과 시멘트를 사용하여 벽을 만드는 기술이 활용됩니다."
어떤 건축구조가 목구조를 활용하여 강도와 안정성을 보장하나요?,목구조를 활용하여 강도와 안정성을 보장하는 건축구조로는 주로 트러스 구조물이 사용됩니다. 트러스 구조물은 여러 개의 삼각형 구조로 이루어져 있어 강도와 안정성을 높이는 효과가 있습니다. 삼각형은 외부 힘에 대해 안정하게 분산시키는 특성이 있어 건축물을 강화하는 데 이상적입니다. 따라서 트러스 구조물은 건물의 지붕이나 다리와 같이 큰 강도와 안정성이 요구되는 부분에 널리 사용됩니다. 이러한 목구조를 활용한 트러스 구조물은 건축물의 구조적인 안정성을 확보하는 데 중요한 역할을 합니다.
목구조를 활용한 건축구조에서 어떤 재료가 가장 일반적으로 사용되나요?,"목구조를 활용한 건축구조에서는 주로 소나무, 잣나무, 참나무 등의 원목이 가장 일반적으로 사용됩니다. 이러한 목재는 구조적 강도와 내구성을 갖추어 건물의 안정성을 보장합니다."
경량철골구조는 어떤 장점을 가지고 있나요?,"경량철골구조의 장점은 다음과 같습니다.

* 가볍고 강도가 우수하여 지진과 같은 자연재해에 강함
* 공사 기간이 짧아 비용을 절약할 수 있음
* 유지보수가 용이하고 수명이 길며 재활용이 가능함
* 단열성과 방음성이 우수하여 에너지 절약 효과가 있음
* 다양한 형태로 설계가 가능하고 미관이 우수함"
경량철골구조를 사용하는 건물의 안전성은 어떻게 보장되나요?,경량철골구조를 사용하는 건물의 안전성은 강철의 강도와 경량재의 특성을 결합하여 보장됩니다. 이는 구조물이 지진이나 강풍과 같은 부하에도 안정적으로 유지될 수 있도록 설계되고 구축되는 것을 의미합니다.
어떤 재료나 기술을 사용하여 철골구조의 화재 내구성을 향상시키는 것이 가능할까요?,"* 내화 도료: 화재 발생 시 열을 흡수하여 구조물을 보호
* 내화 보드: 석면, 셀룰로오스, 유리 섬유 등으로 제작된 보드로 철골의 하중을 감소시킴
* 확장형 금속 스프레이: 화재 시 부피가 확장되어 철골을 보호
* 내화 스프레이 페인트: 철골 표면에 분무하여 화재로부터 보호
* 내화 접이 식 도어: 화재 발생 시 자동으로 닫혀 연기 확산을 방지"
철골구조의 화재 내구성을 향상시키기 위해 어떤 재료나 기술을 적용하는 것이 효과적일까요?,"철골구조의 화재 내구성을 향상시키기 위해 강화 석고보드, 화재 방지 코팅, 감열제를 추가한 강철 등을 적용하는 것이 효과적입니다. 이러한 재료와 기술은 화재 발생 시 강구조물의 손상을 최소화하고 안전성을 향상시킵니다."
강철 구조물과의 차이점은 무엇인가요?,"철근 콘크리트 구조물은 강철 구조물과 달리 철근과 콘크리트를 함께 사용하여 만들어집니다. 콘크리트는 압축에 강하지만 인장에는 약한 반면, 철근은 인장에 강하지만 압축에는 약합니다. 두 재료를 함께 사용함으로써 압축과 인장에 모두 강한 구조물을 만들 수 있습니다."
강철 구조물과의 비교에서 주목할만한 차이는 무엇인가요?,"강철 구조물과의 비교에서 주목할만한 차이점은 강철이 높은 강도와 내구성을 가지고 있어 대부분의 건물에 사용되는 반면, 목재는 자연적인 디자인과 저비용으로 인해 주로 소규모 건물에 사용된다는 것입니다."
한국의 전통 건축 구조에서 가장 특별한 요소는 무엇인가요?,"한국 전통 건축 구조의 특별한 요소:
- 단순하고 유연한 목조 구조: 기둥과 보로 구성된 가벼운 프레임 구조로 지진과 같은 자연재해에 견고함
- 온돌 난방 시스템: 바닥 아래 통로를 통해 열을 순환시켜 집안을 따뜻하게 유지하는 독특한 난방 시스템
- 가벼운 지붕 구조: 나무 껍질이나 초가로 덮여 통풍과 단열이 잘 됨
- 움집 모양의 지붕: 비를 효과적으로 배수하고 집안을 서늘하게 유지하는 독특한 지붕 모양"
한국의 전통 건축 구조에 가장 중요한 기술적 특징은 무엇이 있나요?,한국의 전통 건축 구조에서 가장 중요한 기술적 특징은 목조구조와 지붕의 기단 및 지붕 높이의 조절이 중요합니다. 이러한 특징은 건축물의 안정성과 환기를 유지하는 데에 기여합니다.
기와 지붕 구조 방식에는 어떤 종류가 있나요?,"기와 지붕 구조 방식에는 대청와 구조, 연와 구조, 평와 구조, 겹처와 구조, 물매기와 구조, 금속와 구조 등 다양한 종류가 있습니다."
기와 지붕 구조 방식 중에서 어떤 것이 가장 효과적인가요?,"기와 지붕 구조 방식 중에서 가장 효과적인 것은 이중 기와 지붕 구조입니다. 이는 물 배출이 용이하고 지붕의 안정성을 높이며, 열 및 소음 절연 효과도 뛰어나기 때문입니다."
"일반철골구조는 건축물을 지탱하는 데 사용되는 주요한 건축구조물이지만, 이 구조물이 어떻게 설계되고 사용되는지 자세히 알고 싶습니다.","일반철골구조는 건축물을 지탱하는 주요한 구조물로서 높은 강도, 내구성, 경량화 및 경제성으로 인해 널리 사용됩니다. 그 구조 설계는 건축물의 하중, 사용 목적, 지반 조건 등을 고려하여 진행되며, H형강, I형강, 각형강관, 원형강관 등의 철골을 사용하여 주요 뼈대를 구성하고 철물을 이용하여 부재들을 연결합니다. 이러한 철골구조는 건축물의 하중을 지지하고 분산시켜 안전성을 확보하고, 공간 활용성을 높이는 역할을 합니다."
"일반철골구조를 사용한 건축물은 어떤 설계 과정을 거치고, 어떤 용도로 사용되나요?","일반철골구조를 사용한 건축물은 초기 설계 단계에서 구조적 안정성과 공간 활용을 고려합니다. 이후 구조물을 지탱하는 철골을 설계하고 건축물을 건축합니다. 주로 상업용, 주거용 및 산업용 건물에서 사용됩니다."
"지진 발생 시 건물의 안전을 고려하여 설계할 때, 어떤 구조적 요소들이 안정성을 높이는 데 중요한 역할을 하는지 설명해주세요.","A: 지진에 안전한 건물을 설계할 때는 강력한 기초, 견고한 구조, 에너지를 흡수하는 장치 등이 중요합니다. 또한, 건물의 무게와 높이를 줄이고, 질량을 균등하게 분포시키는 것도 안정성을 높이는 데 도움이 됩니다."
"건물 안전을 고려한 지진 설계 시, 안정성을 높이기 위해 가장 중요한 구조적 요소들은 무엇인가요?","건물 안전을 고려한 지진 설계 시, 지진 내하력을 전달하는 기둥과 보의 안정성을 보장하는 것이 가장 중요합니다. 또한 지진에 대비하여 건물의 기초와 연결 부분을 강화하는 것도 중요한 구조적 요소입니다."
경량목구조 방식을 사용하는 건물은 어떤 장점을 가지고 있나요?," 경량목구조 방식의 장점은 다음과 같습니다.

* 가볍고 내구성이 우수하여 고층 건물에도 적합
* 건설 기간이 짧아 비용 절감 가능
* 단열 성능이 우수하여 냉난방 비용 절감
* 탄성이 있어 지진에 강함"
경량목구조 방식을 사용하는 건물의 장점에는 무엇이 있나요?,경량목구조 방식을 사용하는 건물의 장점은 환경 친화적이며 재료가 저렴하고 가벼워 건축 시간을 단축합니다. 또한 디자인의 유연성이 뛰어나고 건축물의 저온 보온성과 열 흡수 특성이 좋습니다.
주로 어떤 형태의 재료로 이루어진 조적식 구조물을 만드는데 사용되나요?,"조적식 구조물은 주로 벽돌, 돌, 시멘트 블록 및 돌출을 사용하여 만들어집니다. 이러한 재료들은 구조물의 안정성과 내구성을 보장하는 데 중요한 역할을 합니다. 특히 벽돌은 오랜 세월 동안 사용되어 왔고, 그 안정성과 내구성이 입증되어 있습니다. 또한 시멘트 블록은 강도가 높고 경제적이어서 건축에 널리 사용됩니다. 돌과 돌출은 건축물에 자연스러운 미적 가치를 부여하는 데 사용될 수 있으며, 특히 역사적인 건축물에서 많이 볼 수 있습니다. 이러한 재료들이 조적식 구조물을 만드는 데 사용됩니다."
조적식 구조물을 만드는데 사용되는 재료의 주요 특징은 무엇인가요?,조적식 구조물을 만드는데 사용되는 재료의 주요 특징은 벽돌과 시멘트의 내구성과 안정성입니다. 이러한 재료는 구조물을 견고하게 유지하고 화재에 강한 성질을 갖추어 안전성을 보장합니다.
금속 가공 업무를 하는 사람들은 어떻게 안전하게 아세톤에 노출을 피할 수 있을까요?,"금속 가공 업무자들은 아세톤에 대한 노출을 피하기 위해 환기를 잘하고, 보호 장비를 착용해야 합니다. 또한, 아세톤을 취급할 때는 주의를 기울여야 하며, 흡입을 최소화해야 합니다."
아세톤에 노출되지 않도록 안전하게 금속 가공 업무를 하는 방법은 무엇인가요?,"아세톤에 노출을 피하기 위해 금속 가공 시 장갑과 안전 고글을 착용하고, 환기가 잘되는 장소에서 작업하며, 불필요한 노출을 최소화하는 것이 중요합니다. 또한 안전 규정을 엄격히 준수하여 작업환경을 안전하게 유지해야 합니다."
라돈을 측정하기 위한 가정용 테스트 키트를 구입하는 방법은 무엇인가요?,"라돈 측정 가정용 테스트 키트 구입 방법

1. 온라인 쇼핑몰 검색: 온라인 쇼핑몰에서 라돈 측정 키트나 라돈 검사 키트와 같은 키워드로 검색하면 관련 상품을 찾을 수 있습니다.

2. 하드웨어 매장 방문: 하드웨어 매장에서도 라돈 측정 키트를 판매할 가능성이 높습니다. 직접 방문하여 직원에게 문의해 보세요.

3. 환경보호기관 문의: 환경보호기관에서도 라돈 측정 키트를 제공하거나 판매할 수 있습니다. 해당 기관에 문의하여 구입 가능 여부를 확인해 보세요."
라돈을 측정하는 데 사용되는 주요 장비는 무엇이 있나요?,라돈을 측정하는 데 사용되는 주요 장비로는 라돈 가스 검출기와 라돈 측정기가 있습니다. 이러한 장비들은 환경이나 건물 내 라돈 농도를 정확하게 측정하여 안전성을 확인하는 데 활용됩니다.
지진 대비를 위한 가정 내 안전용품은 무엇이 있나요?,"가정 내 지진 대비 안전용품:

1. 소화기
2. 응급 구조 상자
3. 구급약
4. 물과 식량
5. 라디오와 손전등
6. 배터리와 충전기
7. 돈과 신분증
8. 응급 가방
9. 지진 대비 매뉴얼"
가정 내 지진 대비를 위해 어떤 안전용품을 준비해야 하나요?,"가정 내 지진 대비를 위해 준비해야 할 안전용품으로는 비상용품, 응급처치 키트, 라디오, 전등, 그리고 긴급 연락처 목록이 있습니다. 또한 안전한 장소로 대피할 수 있는 계획을 수립하는 것이 중요합니다."
인테리어 디자인을 하는데 필요한 도배재료의 양을 계산하는 방법은 무엇인가요?,"1. 면적 측정: 도색할 표면의 길이와 폭을 측정하여 평방 미터(㎡)로 계산합니다.
2. 도료 피복 면적 확인: 도료 제품의 라벨을 확인하여 1L당 피복 면적을 확인합니다.
3. 필요 도료 양 계산: 도색할 표면의 평방 미터 수를 도료 제품의 1L당 피복 면적으로 나누면 필요한 도료 양(L)을 계산할 수 있습니다.
4. 손실량 고려: 도색 과정에서 발생하는 손실을 고려하여 필요한 도료 양에 10~15%를 더합니다."
인테리어 디자인을 위해 필요한 도배재료의 양을 어떻게 계산하나요?,도배재료의 양은 벽 또는 바닥의 면적을 측정한 후 패턴 및 재료의 특성에 따라 필요한 양을 계산합니다. 전체 면적을 곱한 후 재료의 낭비 및 추가 패턴을 고려하여 조정합니다.
토목 분야에서 어떤 종류의 프로젝트가 주로 다루어지나요?,"토목 분야에서 주로 다루어지는 프로젝트는 다음과 같습니다.

- 도로, 교량, 터널과 같은 교통 인프라
- 댐, 수문, 저수지와 같은 수자원 인프라
- 공항, 항구, 철도와 같은 운송 인프라
- 건물, 주택, 상업 시설과 같은 건축물
- 도시 계획, 토지 개발, 환경 복원과 같은 도시 및 지역 개발 프로젝트"
토목 공학 분야에서 가장 흔히 다루는 프로젝트 유형은 무엇인가요?,"토목 공학에서 흔히 다루는 프로젝트에는 도로 및 다리 건설, 지반 공학 및 하수 처리 시설이 포함됩니다. 이러한 프로젝트들은 도시 인프라의 핵심을 형성하며 안전하고 지속 가능한 환경을 조성합니다."
공동주택의 층간소음 관련 법규는 어떻게 되나요?,"공동주택 층간소음의 범위와 기준에 관한 규칙에 따르면, 층간소음의 범위는 입주자 또는 사용자의 활동으로 인해 다른 입주자 또는 사용자에게 피해를 주는 직접충격 소음과 공기전달 소음으로 정의됩니다. 이 법규에 따르면, 욕실, 화장실, 다용도실 등에서 발생하는 급수 및 배수로 인한 소음은 제외됩니다.

또한, 층간소음의 기준은 공동주택의 입주자 및 사용자가 별표에 따른 기준 이하로 노력해야 한다고 명시되어 있습니다. 따라서 층간소음을 관리하기 위해서는 이러한 법규를 준수하여 각종 소음을 최소화하고, 입주자 간의 피해를 최소화하는 노력이 필요합니다."
층간소음을 줄이기 위한 공동주택의 건축 설계 요건은 무엇인가요?,"층간소음을 줄이기 위한 공동주택의 건축 설계 요건으로는 소음 차단을 위한 적절한 재료 선택, 장치 및 구조적 설계, 층간 사운드 이중화, 및 충분한 공간 간격 등이 있습니다. 이로써 거주자의 편안함과 생활 품질을 향상시킵니다."
사무실의 실내공기 질을 개선하기 위해 어떤 조치를 취할 수 있을까요?,"실내공기 질 향상 조치:

* 환기를 개선하세요.
* 공기 청정기를 사용하세요.
* 식물을 두세요.
* 정기적으로 청소하세요.
* 비휘발성 건축 자재 및 가구 사용."
사무실 환경을 향상시키기 위한 실내 공기 질 개선 방법이 무엇인가요?,"사무실 환경의 실내 공기 질을 개선하기 위한 방법으로는 공기 청정기 사용, 자연 채광 및 환기 촉진, 유해 물질 배출 제한, 그리고 식물 배치 등이 있습니다. 이러한 조치들은 직원의 건강과 직무 수행 능력을 향상시킵니다."
소화기를 사용할 때 주의해야 할 점은 무엇인가요?,"소화기를 사용할 때 주의해야 할 점은 몇 가지가 있습니다. 먼저, 적절한 소화기를 선택해야 합니다. 화재 종류에 따라 적합한 종류의 소화기를 선택해야 합니다. 둘째, 소화기를 사용하기 전에 사용 방법을 숙지해야 합니다. 이를 위해 소화기 사용법을 정기적으로 학습하고 연습하는 것이 중요합니다. 셋째, 소화기를 사용할 때는 화재의 원인과 화재의 특성을 파악하고, 안전한 위치에서 사용해야 합니다. 또한 소화기를 사용할 때에는 화재 진압에 주의를 기울이고, 인근에 있는 사람들에게도 안전을 고려하여 대처해야 합니다."
소화기 사용 시에 주의해야 하는 사항은 어떤 것이 있나요?,"소화기를 사용할 때 주의해야 할 사항으로는 적절한 화재 종류에 맞는 소화기 사용, 사용 전 소화기 상태 점검, 휴대용 소화기의 용량과 사용 방법 숙지, 그리고 소화기 주변 환경의 안전을 유지하는 것 등이 있습니다."
"새집증후군을 예방하는 방법에 대해 알고 계신가요? 예를 들어, 새로 이사를 간 뒤 새로운 환경에 적응하는 방법이나 건강한 생활습관을 유지하는 방법 등을 알려주세요.","* 새로운 환경에 적응하기 위해서는 충분한 휴식을 취하고 건강한 식단을 섭취하는 것이 중요합니다.
* 또한 가족 및 친구들과의 소통을 유지하고 새로운 루틴을 만드는 것도 도움이 됩니다.
* 주거 공간의 통풍과 청소를 철저히 하고, 실내 공기 질을 개선하는 것도 중요합니다."
"새집증후군의 증상을 완화하는 방법은 무엇인가요? 예를 들어, 새로운 환경에서의 스트레스를 줄이고 건강을 유지하는 방법 등을 알려주세요.","새집증후군 증상 완화를 위한 방법으로는 자연 채광과 환기 확보, 유해 물질 배출 기간 관리, 적절한 가습 및 제습, 건강한 식습관 유지, 그리고 적절한 휴식과 운동 등이 있습니다. 이러한 조치들은 새로운 환경으로의 적응을 돕고 건강을 유지합니다."
중고 제품을 구매할 때 마감재의 하자를 확인하는 팁이 있나요?,"중고 제품의 마감재 하자를 발견하는 팁:

* 긁힘, 흠집, 변색 등을 주의 깊게 확인합니다.
* 조명 아래에서 다양한 각도로 살펴보세요.
* 문, 창문, 캐비닛 등을 열어闭회하여 정상 작동하는지 확인합니다.
* 하자가 있는 경우 가격 협상을 시도하세요."
중고 제품을 구매할 때 마감재의 품질을 평가하는데 중요한 요소는 무엇인가요?,"중고 제품의 마감재 품질을 평가할 때 중요한 요소로는 마모 정도, 표면 손상, 변색 여부, 그리고 제조 과정에서의 결함 유무 등이 있습니다. 이러한 요소들을 확인하여 제품의 상태와 내구성을 평가합니다."
새집증후군의 증상은 무엇인가요?,"새집증후군의 증상은 다음과 같습니다.

* 두통
* 현기증
* 메스꺼움
* 피로
* 집중력 저하
* 잠재우기 어려움
* 식욕 부진
* 체중 감소
* 피부 발진
* 눈, 코, 목의 자극"
새집증후군의 증상에는 어떤 것들이 있나요?,"새집증후군의 주요 증상으로는 두통, 피로감, 구역질, 코막힘, 피부 발진 등이 있습니다. 또한 호흡기 증상과 알레르기 반응도 나타날 수 있습니다."
소화기를 사용하는 상황과 방법에 대해 어떻게 알아야 할까요?,"소화기를 사용하는 상황과 방법을 알기 위해서는 다음과 같은 점들을 유의할 필요가 있습니다.

1. 소화기의 종류와 특성을 이해합니다.
2. 소화기의 적절한 사용 방법을 숙지합니다.
3. 소화기를 언제 사용해야 하는지 알아둡니다.
4. 소화기를 사용할 때 주의할 점을 인지합니다.
5. 소화기를 정기적으로 점검하고 유지보수합니다."
어떤 상황에서 소화기를 사용해야 하고 사용 방법을 어떻게 알 수 있나요?,"소화기는 화재 발생 시 화재가 발생한 장소에서만 사용해야 하며, 사용 방법은 PASS 기법을 따릅니다. PASS는 Pull(핀을 뽑기), Aim(화재에 목표를 맞추기), Squeeze(손잡이를 누르기), Sweep(물을 흔들어 쓰기)의 약어입니다."
방음이 왜 중요한가요?,"방음이 중요한 이유:

* 소음 공해를 줄여 건강을 보호합니다.
* 집중력을 향상시켜 업무 생산성을 높입니다.
* 편안함과 안정감을 제공하여 삶의 질을 향상시킵니다.
* 개인 정보를 보호합니다.
* 에너지 효율을 높여 비용을 절감합니다."
방음을 위해 어떤 재료가 사용되나요?,"방음을 위해 사용되는 재료로는 방음 보드, 방음 패널, 고밀도 폴리우레탄 등이 있습니다. 이러한 재료들은 소음을 흡수하거나 차단하여 실내 환경을 조용하게 유지합니다."
완전히 새로운 집에 적응하는 데 도움을 주는 팁은 무엇인가요?,"1. 새로운 환경에 익숙해지기까지 시간을 줍니다.
2. 집에서 편안함을 느낄 수 있는 방법을 찾습니다.
3. 가구를 정리하고 개인적인 물건을 배치합니다.
4. 이웃과 인사하고 관계를 형성합니다.
5. 지역 사회에 참여하고 새로운 친구를 만듭니다."
새로운 환경에 적응하는 데 필요한 습관은 무엇인가요?,"새로운 환경에 적응하는 데 필요한 습관으로는 오픈마인드 유지, 적극적인 탐색과 배움, 정기적인 휴식 및 신체 활동, 그리고 적응 가능한 사고방식을 갖는 것이 중요합니다."
한국에서는 일반적으로 주택 도배평수를 계산할 때 어떤 기준을 사용하나요?,"Q: 한국에서는 일반적으로 주택 도배평수를 계산할 때 어떤 기준을 사용하나요?
A: 주택 도배평수 계산 기준은 주택의 바닥면적에 따라 달라지며, 일반적으로는 1평당 10평으로 계산합니다. 예를 들어, 30평의 주택이라면 도배평수는 300평이 됩니다."
한국 주택 도배평수를 측정하는 데 사용되는 주된 방법은 무엇인가요?,한국 주택의 도배평수를 측정하는 주된 방법으로는 평수 계산 후 벽과 천장의 면적을 합산하는 방식이 일반적입니다. 이후 층간소음 및 열손실을 고려하여 적정한 도배재료 양을 계산합니다.
인조목 바닥재의 장단점은 무엇인가요?,"장점:
- 내수성 및 내마모성 우수
- 다양한 디자인과 색상
- 설치 및 유지관리가 용이

단점:
- 천연목보다 비쌈
- 자연스러운 느낌이 부족
- 장시간 노출시 변색 가능"
인조목 바닥재는 어떤 장점을 가지고 있나요?,인조목 바닥재는 내구성이 뛰어나고 변색이 적으며 수명이 길며 유지보수가 쉬우며 친환경적인 재료로 평가됩니다. 또한 다양한 디자인과 색상으로 선택 범위가 넓습니다.
"롱브릭타일은 마감재로 사용되는 건물 자재 중 하나인데, 이 타일은 주로 어떤 종류의 건물에서 사용되나요?",롱브릭타일은 주로 주거 및 상업 건물과 같은 다양한 유형의 건물의 외장 마감재로 사용됩니다.
어떤 종류의 건물에서 롱브릭타일을 가장 많이 볼 수 있는지 알려주세요.,"롱브릭타일은 주로 주택, 아파트, 호텔 등의 주거용 건물에서 많이 사용됩니다. 특히 현대적이고 스타일리시한 외관을 원하는 건물에서 자주 볼 수 있습니다."
마루 바닥재는 어느 정도의 주기로 교체해야 하나요?,마루 바닥재는 사용 빈도와 환경에 따라 교체 주기가 다릅니다. 일반적으로 10~15년 정도가 교체 주기로 권장됩니다.
마루 바닥재의 교체 주기는 어느 정도로 설정되어 있나요?,"마루 바닥재의 교체 주기는 사용 빈도, 바닥재의 종류 및 품질, 유지보수 정도 등에 따라 다를 수 있으며 보통 10년에서 20년 사이입니다. 그러나 정기적인 검사와 유지보수가 중요하며 상황에 따라 유동적으로 결정되어야 합니다."
평지붕의 마감재로 사용하기에 적합하지 않은 이유는 무엇인가요?,"평지붕은 비가 내리면 물이 고여서 샌딩이 잘 발생합니다. 또한, 평지붕은 기울기가 없기 때문에 눈이 내리면 쉽게 쌓여서 하중이 가해져 붕괴될 수 있습니다. 따라서, 평지붕에는 기와나 아스팔트 싱글 등과 같이 방수성이 좋은 마감재를 사용해야 합니다."
왜 평지붕에 마감재를 사용하기에는 적합하지 않을까요?,평지붕은 물이 정상적으로 배수되지 않을 수 있고 물이 노출되는 시간이 길어 마감재에 수분 피해가 발생할 수 있습니다. 또한 평지붕은 햇빛과 기후 조건에 노출되어 유지보수가 어려울 수 있어 마감재의 내구성과 안정성을 위협할 수 있습니다.
마감재에 따라 선택하는 공간 디자인은 무엇인가요?,"마감재 선택에 따른 공간 디자인은 다음과 같습니다.

* 목재: 따뜻하고 아늑한 분위기
* 돌: 견고하고 고급스러운 분위기
* 유리: 개방적이고 현대적인 분위기
* 금속: 차갑고 산업적인 분위기
* 직물: 부드럽고 편안한 분위기
* 페인트: 다양한 색상과 질감으로 다양한 분위기 연출 가능"
어떤 종류의 마감재를 사용하는 경우에는 어떤 종류의 공간 디자인을 선택해야 하나요?,"마감재 종류에 따라 적합한 공간 디자인이 다릅니다. 예를 들어, 자연적인 표면을 갖는 목재 마감재는 따뜻하고 친근한 분위기를 연출하는데 적합하며, 현대적이고 깔끔한 분위기를 원한다면 강화 유리나 철재 마감재를 선택할 수 있습니다."
"도배지가 남을 경우, 이를 재활용하거나 폐기물로 처리하는 것이 환경적으로 올바른 선택일까요?","도색지 재활용이 더 환경 친화적 선택입니다. 폐기물 처리에 비해 자원 절약, 온실가스 배출 감소 등 환경적 이점이 더 많습니다."
도배지를 재활용하거나 폐기물로 처리하는 것이 환경에 미치는 영향은 어떻게 될까요?,"도배지를 재활용하거나 폐기물로 처리하는 것은 환경에 긍정적인 영향을 미칩니다. 재활용은 자원 절약과 폐기물 감축에 기여하며, 처리 과정에서 발생하는 오염물질 배출을 줄여 환경 보호에 도움이 됩니다."
마감재의 종류 중 하나인 페인트 상도재는 어떤 재료로 만들어지고 어떤 특징을 가지고 있나요?,"페인트 상도재는 아크릴 수지에 혼합물을 첨가하여 만들어진 마감재로, 방습, 방수, 내마모성이 우수하며, 시공하기 쉽고 건조가 빠른 특징을 가지고 있습니다."
"페인트 상도재가 사용되는 건축물의 종류는 무엇이 있고, 각각의 특징은 무엇인가요?","페인트 상도재는 주로 주택, 상업 시설, 공공 건물 등 다양한 건축물에서 사용됩니다. 각각의 특징은 내구성, 색상 선택 다양성, 방수성, 그리고 가격 등이 다를 수 있습니다."
외부 마감재로 사용되는 오리지널징크의 장점은 무엇인가요?,"오리지널징크의 장점은 다음과 같습니다.

* 내구성과 내식성이 뛰어나다.
* 무게가 가볍고 취급이 용이하다.
* 다양한 색상과 마감 처리가 가능하다.
* 재활용이 가능하고 친환경적이다."
오리지널징크가 외부 마감재로 선택되는 이유는 무엇인가요?,"오리지널 징크는 내구성이 뛰어나고 낮은 유지보수 비용, 환경 친화성, 그리고 다양한 날씨 조건에 대한 저항력으로 인해 외부 마감재로 선택됩니다. 또한 고유한 룩과 금속 특성이 건축물의 시각적 매력을 높입니다."
인조 실크벽지와 자연실 실크벽지 중 어떤 것이 더 오래 지속되는 경향이 있나요?,천연실크벽지는 인조실크벽지보다 더 오래 지속되는 경향이 있습니다. 천연실크는 자연적인 재료로 튼튼하고 오염에 강합니다. 또한 습기와 온도 변화에 강하여 오래 지속됩니다.
인조 실크벽지와 자연실 실크벽지 중 어떤 것이 더 효율적으로 유지되는 경향이 있나요?,"자연실 실크벽지가 더 효율적으로 유지될 수 있습니다. 자연실 실크벽지는 내구성이 뛰어나고 오랜 기간에 걸쳐 색상과 질감을 유지할 수 있으며, 훌륭한 통기성과 방수성을 제공하여 장기간 사용할 수 있습니다."
목재 바닥재와 비교했을 때 포세린 타일의 유지보수가 불편한 점은 무엇인가요?,"포세린 타일은 목재 바닥재에 비해 긁힘에 약하고, 수리하기 어렵다는 점이 불편할 수 있습니다."
목재 바닥재와 비교했을 때 포세린 타일의 장점은 무엇인가요?,"포세린 타일은 내구성과 내화성이 뛰어나며, 변색이나 변형이 없어 유지보수가 용이합니다. 또한 다양한 디자인과 색상으로 선택의 폭이 넓으며, 청결하고 위생적인 환경을 유지할 수 있습니다."
마감재 카테고리에 해당하는 합판을 마감재로 사용할 때 발생할 수 있는 문제는 무엇인가요?,"합판을 마감재로 사용할 때 발생할 수 있는 문제:

* 습기 흡수로 인한 팽창 및 수축
* 긁힘 및 마모에 대한 내구성 저하
* 열 변화로 인한 균열 발생 가능성"
"마감재로 사용된 합판의 마감재 카테고리는 무엇이며, 이로 인해 발생할 수 있는 문제는 무엇인가요?","합판의 마감재 카테고리로는 접착합판이 주로 사용됩니다. 이로 인해 발생할 수 있는 문제로는 접착재의 품질 문제로 인한 제품 결함이 발생할 수 있으며, 또한 마감재의 내구성과 외관에 영향을 줄 수 있습니다."
"바닥재가 남을 때, 그것을 재활용하거나 다른 용도로 활용할 수 있는 방법은 무엇인가요?","다음은 남은 바닥재를 재활용하거나 다른 용도로 활용하는 방법입니다.

* **재판매:** 미사용 바닥재를 온라인 시장이나 중고품 매장에 재판매하면 다른 사람들이 사용할 수 있습니다.

* **기부:** 자선 단체나 지역 사회 센터에 기부하여 필요한 사람들이 이용할 수 있도록 할 수 있습니다.

* **재사용:** 다른 방이나 프로젝트에 재사용하면 재료비를 절약할 수 있습니다.

* **크래프트:** 작은 조각을 크래프트 프로젝트에 사용하거나 보드 게임, 코스터와 같은 실용적인 아이템을 만들 수 있습니다.

* **멀칭:** 정원에서 멀칭재로 사용하여 잡초를 억제하고 흙을 보호할 수 있습니다.

* **충전재:** 포장재나 베개 충전재로 사용하여 재료를 절약하고 쓰레기를 줄일 수 있습니다.

* **방음 패널:** 벽이나 천장에 방음 패널로 사용하면 소음을 줄이는 데 도움이 될 수 있습니다.

* **예술 프로젝트:** 예술 프로젝트의 질감이나 패턴을 위한 독특한 재료로 사용할 수 있습니다."
바닥재를 재활용하거나 다른 용도로 활용하는데 사용되는 주요 기술은 무엇인가요?,"바닥재를 재활용하거나 다른 용도로 활용하는 주요 기술로는 분쇄, 선별, 및 가공 등이 있습니다. 이러한 기술은 바닥재의 재활용 가능성을 높이고, 다양한 새로운 용도에 적용할 수 있도록 합니다."
"마감재를 사용하여 장판이 남은 경우, 장판을 어떻게 처리해야 하는가?","마감재를 사용하여 장판이 남은 경우, 남은 장판을 다른 곳에 사용할 수 있도록 잘 보관하여 두는 것이 좋습니다. 나중에 다른 프로젝트에 사용할 수 있으므로, 재사용 가능한 상태로 유지하는 것이 좋습니다."
"마감재로 처리된 장판이 남았을 때, 해당 장판을 다루는 방법은 무엇인가요?","마감재로 처리된 장판이 남았을 때, 해당 장판을 다루는 방법으로는 재활용, 기능적인 용도로 재활용하거나 적절히 폐기하는 것이 일반적입니다. 이를 위해 장판의 상태와 재료에 따라 적합한 처리 방법을 선택해야 합니다."
마감재 중에 사용되는 준불연재료는 무엇인가요?,"마감재로 쓰이는 준불연재료는 다음과 같습니다.
* 석고보드
* 칼슘 실리케이트 보드
* 베라 보드
* 세라믹 타일
* 유리 섬유 강화 플라스틱
* 천연석
* 금속"
마감재에 사용되는 주요 불연재료는 무엇인가요?,"마감재에 주로 사용되는 주요 불연재료로는 석고보드, 비닐타일, 석영 카운터탑 등이 있습니다. 이러한 재료들은 화재 발생 시 빠른 속도로 연소되지 않으며 화재를 억제하는 역할을 합니다."
인테리어 디자인에 유성페인트를 사용할 때 생길 수 있는 부작용은 무엇인가요?,"유성페인트 사용 시, 아래의 부작용이 발생할 수 있습니다.

* 공기를 오염시키고 유독 가스를 방출하여 건강에 해로움을 줄 수 있음
* 오래된 유성페인트는 벗겨져 먼지가 날 수 있으며, 건강에 피해를 줄 수 있음
* 오래된 유성페인트를 제거할 때 유기 용매를 사용하게 되면 환경에 피해를 줄 수 있음"
유성페인트의 인테리어 디자인에 사용되는 효과적인 방법은 무엇인가요?,"유성페인트의 인테리어 디자인에 효과적인 방법으로는 색의 선택과 조합, 텍스처 및 마감 기술 활용, 그리고 조명과의 조화 등이 있습니다. 이를 통해 공간의 분위기와 느낌을 향상시키고 시각적인 흥미를 더할 수 있습니다."
목재 마감재와 비교하여 그라스울의 장점은 무엇인가요?,"그라스울은 목재 마감재보다 경량이고 단열성이 우수하며, 시공하기도 용이합니다. 또한 곰팡이와 균류에 강하고 방염성도 우수합니다."
목재 마감재의 대안으로 그라스울을 선택하는 이유는 무엇인가요?,목재 마감재 대신 그라스울을 선택하는 이유는 내구성과 친환경적 특성 때문입니다. 그라스울은 장기간 사용 가능하며 자연적으로 분해되므로 환경에 미치는 영향이 적습니다. 또한 화학 물질을 사용하지 않아 건강에도 이로워요.
인테리어 마감재의 장식적인 요소를 강화시키는 방법에는 무엇이 있나요?,"인테리어 마감재의 장식적인 요소를 강화시키는 방법으로는 다음이 있습니다.

- 몰딩이나 장식용 조각 사용
- 대비되는 색상이나 질감 사용
- 조명을 이용하여 악센트 부여
- 특별한 하드웨어나 장식품 추가
- 패턴이나 문양을 활용"
인테리어 마감재에 사용되는 장식적 요소는 무엇인가요?,"인테리어 마감재의 장식적 요소로는 몰딩, 벽지, 타일, 그림 등이 있습니다. 이러한 요소들은 공간의 분위기를 조성하고 시각적인 효과를 부여합니다."
강화마루의 기대 수명은 사용자의 일일 사용 빈도에 따라 어떻게 달라지나요?,사용자의 일일 사용 빈도가 높아질수록 강화마루의 기대 수명은 감소합니다. 이는 사용 빈도가 높을수록 마루 표면이 마모되고 손상될 가능성이 높아지기 때문입니다.
강화마루의 수명에 영향을 미치는 요인은 무엇인가요?,"강화마루의 수명은 사용 빈도, 유지 보수 정도, 환경 조건 등에 영향을 받습니다. 주로 마모와 습기가 수명을 단축시키는 주된 요인입니다."
마감재로서의 데코타일이 다른 마감재와 비교했을 때 가장 빛나는 점은 무엇인가요?,"데코타일의 다른 마감재에 비한 가장 두드러진 장점은 다음과 같습니다.

1. 다양한 디자인과 패턴: 데코타일은 맞춤형 디자인과 다양한 패턴을 갖춘 다양한 옵션을 제공합니다. 이를 통해 건축가와 디자이너는 독특하고 시각적으로 매력적인 공간을 만들 수 있습니다.

2. 내구성과 내구성: 데코타일은 내구성이 뛰어나며 시간이 지남에 따라 색상이 바래거나 긁히지 않습니다. 이는 높은 통행량이 많은 상업 및 공공 공간에 이상적인 선택으로 만듭니다.

3. 저렴한 유지 보수: 데코타일은 청소와 유지 보수가 쉽습니다. 정기적인 청소만으로도 원래의 외관을 유지할 수 있습니다. 이는 장기적인 비용 절감으로 이어집니다.

4. 효율성 및 다용성: 데코타일은 대면적에 신속하게 설치할 수 있으며, 다양한 표면에 적합합니다. 이러한 다용성은 건설 시간을 단축하고 다양한 응용 분야에 대한 옵션을 넓혀줍니다."
데코타일이 다른 마감재와 비교했을 때 가장 강점이 있는 부분은 무엇인가요?,"데코타일의 가장 큰 강점은 다양한 디자인과 색상, 그리고 내구성입니다. 다른 마감재보다 훨씬 더 다양한 스타일과 패턴을 제공하며, 내구성이 강해서 긴 시간 동안 유지됩니다."
목조주택 건물에 가장 적합한 마감재는 무엇일까요?,"목조주택 건물에 가장 적합한 마감재로는 자연적이고 따뜻한 분위기를 조성하는 목재가 일반적으로 선호됩니다. 목재 마감재는 건물의 전통적인 미학과 어우러지며, 주택의 내외부에서 사용될 수 있습니다. 특히 내부 공간에서는 목재 패널, 목재 벽판, 목재 바닥재 등이 인기 있습니다. 이러한 목재 마감재는 자연스러운 느낌을 주며, 주거 공간을 따뜻하고 아늑하게 만들어 줍니다. 또한 목조구조와의 조화를 이루어 건물의 전체적인 미적인 품질을 향상시킵니다."
목조주택 건물을 위한 마감재로는 어떤 것들이 있나요?,"목조주택 건물에는 주로 목재 패널, 목재 선반, 목재 마루 등이 사용됩니다. 이들은 전통적이면서도 자연 친화적이며, 주택의 분위기를 풍부하게 만들어줍니다."
"마감재로 사용되는 탄화목은 어떤 나무에서 얻어지고, 어떻게 가공되어 사용될 수 있을까요?","탄화목은 소나무, 참나무, 오크나무 등 다양한 종류의 나무에서 만들어지며, 고온에서 산소를 차단하여 가열하여 제조합니다. 이 과정을 통해 나무의 유기물이 분해되어 탄소가 풍부한 흑색 물질이 생성됩니다. 탄화목은 건축 자재로 사용될 때 내구성과 방염성이 뛰어나고, 열을 잘 차단하는 특성을 가지고 있습니다."
탄화목을 사용한 마감재의 장점과 단점은 무엇인가요?,탄화목의 장점은 내구성과 방충 효과가 있습니다. 그러나 단점은 비용이 상대적으로 높고 가공이 어렵다는 것입니다.
청고벽돌은 건물의 외벽을 마감하는 데 사용되는 재료인가요? 마감재 카테고리에 속하는 것인가요?,"네, 청고벽돌은 건물의 외벽을 마감하는 데 사용되는 재료입니다. 마감재 카테고리에 속합니다."
청고벽돌이 건물 외벽을 마감하기 위해 사용되는 주요 재료는 무엇인가요?,"청고벽돌 외벽 마감에 사용되는 주요 재료는 청옥, 흑옥, 강석 등의 광물이 주로 사용됩니다. 이러한 자연석은 건물에 고유한 미적 요소를 부여하고 내구성을 높여줍니다."
세라믹 타일 마감재의 내구성에 영향을 미치는 요인은 무엇인가요?,"세라믹 타일 마감재의 내구성에 영향을 미치는 요인은 다음과 같습니다.

- 타일의 종류: 각종 특징과 내구성에 따라 다양한 종류의 세라믹 타일이 있습니다.
- 타일의 제작 방법: 타일의 제작 방법도 내구성에 영향을 미칩니다.
- 타일의 설치 방법: 타일의 설치 방법이 올바르지 않으면 내구성이 떨어질 수 있습니다.
- 사용하는 시멘트: 시멘트의 품질도 타일의 내구성에 영향을 미칩니다.
- 타일의 유지관리: 타일을 잘 유지관리하면 내구성을 높일 수 있습니다."
세라믹 타일 마감재의 내구성을 증가시키는 방법은 무엇인가요?,세라믹 타일 마감재의 내구성을 높이는 방법 중 하나는 적절한 인스톨레이션과 균일한 압력으로 타일을 설치하는 것입니다. 또한 특수한 실리콘 그루트나 밀링을 통해 방수성을 강화할 수 있습니다.
"가루풀은 마감재로 사용되는데, 어떤 재료로 만들어지고 어떻게 사용되는지 알려주세요.","가루풀은 일반적으로 전분이나 접착제로 만듭니다. 건조한 상태로 판매되며, 사용하기 전에 물에 섞어 페이스트를 만듭니다. 가루풀은 벽지 붙이기, 종이 수리, 장식적인 마감 처리 등에 사용됩니다. 페이스트를 바른 다음 벽지나 종이를 붙이고 말리면 붙습니다."
가루풀을 제조하는 방법과 주된 재료는 무엇인가요?,가루풀은 주로 석회암을 가열하고 분쇄하여 만듭니다. 이를 통해 생산된 석회석 분말은 물과 혼합하여 플라스터를 형성합니다. 이러한 플라스터는 건축 및 조각에 사용됩니다.
다공질 흡음재의 장점과 특징에 대해 알려주세요.,"다공질 흡음재는 소음 감소 및 흡음성이 우수하여 실내 음향을 개선하는 데 사용됩니다. 다공성 구조로 인해 공기 분자가 재료 내부에 들어가 소리파를 에너지로 전환하여 흡수합니다. 장점으로는:

* 높은 흡음율: 소리를 효과적으로 흡수하여 잔향 시간을 줄입니다.
* 가벼운 무게: 설치 및 취급이 쉽습니다.
* 다양한 형태와 크기: 다양한 디자인 요구 사항에 맞게 사용할 수 있습니다.
* 내화성: 일부 다공질 흡음재는 내화성이 있어 화재 위험을 줄입니다.
* 습기 제어: 다공성 구조로 인해 습기를 흡수하여 실내 공기 품질을 개선하는 데 도움이 됩니다."
다공질 흡음재를 이용하는 효과와 특징에 대해 설명해주세요.,"다공질 흡음재는 소리를 흡수하여 반사를 감소시키는 데 효과적입니다. 이는 공간 내 잔음을 줄여주고 소음 환경을 개선합니다. 주로 염소 폴리에틸렌, 유리 섬유, 미네랄 울 등으로 만들어져 다양한 형태와 두께로 제공됩니다."
왜 우레탄 계열 페인트가 마감재로서 인기가 많은가요?,우레탄 계열 페인트는 강도와 내구성이 뛰어나고 건조가 빠르며 다양한 색상으로 제공되기 때문에 마감재로서 인기가 많습니다. 또한 곰팡이와 박테리아에 강하고 물리적 손상을 잘 견뎌냅니다.
우레탄 계열 페인트의 인기는 어떤 요인들에 기인하나요?,"우레탄 계열 페인트는 내구성, 방수성, 그리고 다양한 표면에 사용할 수 있는 다목적성으로 인기를 끌고 있습니다. 또한 햇빛에 강하고 변색이 적으며 보호 기능이 뛰어나 소중히 여겨집니다."
비드법 보온판 2종에 대해 설명해주세요.,"* **페노글라스 보온판:** 유리 섬유 울가루에 페놀 수지성 접착제를 섞은 것이며, 내수성이 뛰어날 뿐만 아니라 방염 효과도 있어 널리 사용됩니다.

* **우레탄 보온판:** 우레탄 수지성 접착제를 섞은 것이며, 뛰어난 단열 효율과 경량, 경제적이기 때문에 대표적으로 쓰입니다."
비드법 보온판 2종의 재료 구성은 무엇인가요?,비드법 보온판 2종의 재료 구성은 주로 폴리우레탄과 폴리이소시아네이트입니다.
"외단열은 건물 외부의 마감재로 사용되는 재료로, 건물 외부의 열과 습기로부터 보호하고 외부와 내부의 온도 차이를 막아주는 역할을 합니다. 외단열의 재료와 설치 방법은 어떻게 되나요?","외단열 재료는 보통 스티로폼, 폴리스티렌, 유리섬유 등의 보온재를 사용하며, 설치 방법은 건물 외부 벽면에 보온재를 부착한 후 그 위에 외장재를 설치하는 방식입니다."
외단열 재료의 선정에 영향을 미치는 요인은 무엇인가요?,"외단열 재료의 선정에 영향을 미치는 주된 요인은 기후 조건, 건물 사용 용도, 재료 비용, 내구성 및 성능 요구 사항 등입니다."
플로킹 벽지의 장점과 단점은 무엇인가요?,"플로킹 벽지의 장점:

* 고급스러운 질감과 디자인으로 공간에 깊이와 차원감을 더해준다.
* 방음 효과가 있어 소음을 줄이는 데 도움이 된다.
* 촉감이 부드럽고 편안하다.

플로킹 벽지의 단점:

* 일반 벽지보다 비싸다.
* 설치가 어렵고 전문가의 도움이 필요하다.
* 쉽게 손상될 수 있고 청소하기 어렵다."
플로킹 벽지의 디자인 선택에 영향을 미치는 요소는 무엇인가요?,"플로킹 벽지의 디자인 선택에 영향을 미치는 주된 요소는 공간의 크기, 조명 상황, 인테리어 스타일, 사용자의 취향, 그리고 벽지의 색상과 패턴입니다."
방청 페인트를 사용하여 벽에 어떤 효과를 만들 수 있나요?,"방청 페인트를 사용하여 벽에 만들 수 있는 효과는 다음과 같습니다.

* 방수 및 방습 효과: 방청 페인트는 수분을 차단하고 곰팡이와 균류의 번식을 억제하여 벽을 보호하는 데 도움이 됩니다.
* 내화 효과: 방청 페인트는 화재 시 화염의 확산을 늦추고 연소를 방지하여 화재로 인한 피해를 줄이는 데 도움이 됩니다.
* 방음 효과: 방청 페인트는 소리를 차단하여 방음 효과를 제공합니다.
* 단열 효과: 방청 페인트는 열을 차단하여 단열 효과를 제공합니다.
* 장식 효과: 방청 페인트는 다양한 색상과 질감으로 벽을 장식하는 데 사용할 수 있습니다."
방청 페인트의 색상 선택에 영향을 주는 요소는 무엇인가요?,"방청 페인트의 색상 선택에 영향을 미치는 주된 요소는 조명 상태, 공간의 크기와 형태, 인테리어 스타일, 그리고 사용자의 개인적인 취향과 감정적 반응입니다."
"송판 노출콘크리트는 건물 외벽 마감재로 사용되는데, 어떤 장점을 가지고 있나요?","송판 노출콘크리트의 장점은 다음과 같습니다.

* 내구성이 뛰어나고, 화재에 강합니다.
* 시공이 간단하고 비용이 저렴합니다.
* 다양한 표면 처리가 가능하여 디자인의 자유도가 높습니다.
* 단열 성능이 우수하여 에너지 비용을 절감할 수 있습니다."
송판 노출콘크리트의 표면 처리 방법에는 어떤 것들이 있나요?,"송판 노출콘크리트의 표면 처리 방법으로는 연마, 브러시, 샷블라스트, 산화처리, 그리고 염색과 코팅 등이 있습니다."
대리석 마감재의 장점은 무엇인가요?,"대리석 마감재의 장점은 다음과 같습니다.

* 우아하고 고급스러운 외관
* 내구성과 강도가 우수하여 오래 사용할 수 있음
* 내열성과 내화성이 있어 화재에 강함
* 다양한 색상과 패턴이 있어 선택의 폭이 넓음
* 표면이 매끄럽고 청소하기 쉽습니다"
대리석 마감재를 유지보수하는 데 필요한 절차는 무엇인가요?,"대리석 마감재를 유지보수하는 절차로는 먼저 먼지나 오염물을 부드러운 천으로 제거하고, 중성 세제를 사용하여 세척합니다. 그 후, 적절한 방법으로 건조시킨 후 필요에 따라 보호제를 발라주는 것이 중요합니다."
실내 마감재로 사용되는 원목마루의 장점은 무엇인가요?,"실내 마감재로 사용되는 원목마루는 아름다움, 내구성, 방음 기능 등 여러 가지 장점을 가지고 있습니다. 또한, 원목마루는 환경 친화적이고 에너지 효율적이며, 실내 공기를 개선하는 데에도 도움이 됩니다."
원목마루를 선택할 때 고려해야 할 디자인 요소는 무엇인가요?,"원목마루를 선택할 때 디자인 요소로는 색상과 질감, 패턴과 마루 보드의 크기, 그리고 마루의 마감 처리 방법과 스타일이 중요합니다."
목재 바닥재의 장단점은 무엇인가요? (카테고리: 마감재),"목재 바닥재의 장점은 다음과 같습니다.

* 따뜻하고 편안한 느낌을 준다
* 뛰어난 단열 및 방음 성능
* 다양한 스타일과 디자인을 제공
* 환경 친화적

목재 바닥재의 단점은 다음과 같습니다.

* 습기와 햇빛에 약함
* 긁힘과 얼룩이 잘 생김
* 가격이 비쌀 수 있음"
"목재 바닥재의 종류에는 어떤 것들이 있으며, 각각의 특징은 무엇인가요?","목재 바닥재의 종류로는 오크, 메이플, 체리, 잉글리쉬 월넛 등이 있습니다. 오크는 강도가 높고 내구성이 좋으며 자연스러운 질감을 가지고 있습니다. 메이플은 밝고 균일한 색상과 부드러운 질감이 특징입니다. 체리는 붉은 갈색 톤과 고급스러운 느낌을 주며, 잉글리쉬 월넛은 짙은 갈색의 고급스러운 외관을 가지고 있습니다."
외부 송판 노출콘크리트를 사용할 때 어떤 문제점이 있을까요?,"외부 송판 노출 콘크리트 사용 시 문제점:

* 균열 발생 위험 증대
* 습기 침투로 인한 내구성 저하
* 표면 손상 및 미관 저하
* 열팽창 및 수축으로 인한 구조적 변형
* 철근 부식으로 인한 구조 안정성 저하"
외부 송판 노출콘크리트의 유지보수 방법은 무엇인가요?,"외부 송판 노출콘크리트의 유지보수 방법으로는 정기적인 청소와 점검이 필요합니다. 오염물을 제거하고 필요 시 균열을 보수하며, 적절한 방법으로 물기와 환경으로부터 보호하는 코팅이나 물리적 방법을 사용하는 것이 중요합니다."
폴리싱 타일을 사용하여 집 안의 바닥을 꾸밀 때 어떤 이점이 있는가?,"폴리싱 타일은 세라믹 타일의 표면에 광택을 낸 타일로, 내구성과 방수성이 뛰어나며 청소가 용이한 특징이 있습니다. 반사율이 높아 공간을 넓게 보이게 하고, 다양한 색상과 패턴으로 다양한 인테리어에 적합합니다. 또한, 폴리싱 타일은 다른 타일보다 더 많은 빛을 반사하여 공간을 밝게 만들어 줍니다."
폴리싱 타일의 디자인 선택 시 고려해야 할 사항은 무엇인가요?,"폴리싱 타일의 디자인 선택 시 고려해야 할 사항으로는 공간의 크기와 조명 상황, 인테리어 스타일 및 색감, 그리고 타일의 질감과 패턴이 중요합니다."
플로킹 벽지가 뭐야?,"플로킹 벽지는 섬유로 된 짧은 털을 종이, 직물, 플라스틱 등의 표면에 균일하게 뿌려 고정시킨 장식용 벽지입니다. 부드럽고 촉감이 좋으며, 다양한 색상과 질감으로 제작할 수 있어 인테리어에 널리 사용됩니다."
플로킹 벽지의 제작에 사용되는 주요 재료는 무엇인가요?,플로킹 벽지의 제작에 사용되는 주요 재료로는 종이나 비닐 베이스에 플로킹 소재를 부착하는 것이 일반적입니다.
밀풀을 사용하여 가구를 마감하는 방법에 대해 알려줄 수 있나요?,"밀풀은 가구를 마감하는 데 일반적으로 사용되지 않습니다. 밀풀은 주로 바구니, 매트, 장식품 등을 만들 때 사용되며, 가구를 마감하는 데는 적합하지 않을 수 있습니다. 가구를 마감하는 데는 종종 표면재료로 목재, 대리석, 금속, 플라스틱 등이 사용됩니다. 이러한 재료들은 가구의 내구성과 시각적 효과를 고려하여 선택됩니다. 따라서 밀풀은 가구를 마감하는데 적합한 재료로 간주되지 않습니다."
밀풀 가구 마감의 내구성을 높이는 방법은 무엇인가요?,"밀풀 가구 마감의 내구성을 높이는 방법으로는 특수한 마감재나 레진을 사용하여 보호층을 추가하거나, 정기적인 청소와 유지보수를 통해 먼지와 오염물을 제거하는 것이 중요합니다."
외부 벽면에 사용하기 적합한 광명단페인트의 내구성은 어떻게 되나요?,"광명단페인트의 내구성은 뛰어납니다. 일반적으로 10년 이상 지속되며, 적절한 유지 관리를 통해 더 오래 사용할 수 있습니다. 이 페인트는 햇빛, 비, 눈과 같은 외부 요인에 강하고 곰팡이와 이끼의 성장을 방지하는 데 도움이 됩니다. 또한, 긁힘과 마모에 강하여 건물을 보호하는 데 도움이 됩니다."
광명단페인트를 사용할 때 고려해야 할 환경적 요소는 무엇인가요?,광명단페인트를 사용할 때 고려해야 할 환경적 요소로는 VOC(휘발성 유기 화합물) 함량과 화학적 오염물 배출이 중요합니다. 또한 친환경적이고 안전한 제품을 선택하여 인테리어 환경과 건강에 이점을 가져다 줄 수 있습니다.
"건물 내 화재 안전을 위해 사용되는 마감재는 어떤 종류가 있고, 각각의 장단점은 무엇인가요?","**건물 내 화재 안전 마감재의 종류:**

1. 방화판넬: 내화성이 뛰어나며, 화재 시 화염 및 연기를 차단하는 데 효과적임. 단, 가격이 비싸고, 설치가 복잡할 수 있음.

2. 내화도료: 기존 자재에 도색하여 내화성을 부여함. 가격이 저렴하고, 설치가 용이함. 단, 내화성이 방화판넬에 비해 낮을 수 있음.

3. 내화 유리: 화재 시 깨지지 않고, 화염 및 연기를 차단함. 가격이 비싸고, 설치가 복잡할 수 있음.

4. 내화 페인트: 기존 자재에 도색하여 내화성을 부여함. 가격이 저렴하고, 설치가 용이함. 단, 내화성이 방화판넬과 내화 유리에 비해 낮을 수 있음."
화재 안전을 고려할 때 고려해야 할 마감재 특성은 무엇인가요?,"화재 안전을 고려할 때 고려해야 할 마감재 특성으로는 낮은 화염 전도성, 높은 내화성, 그리고 화재 시 노출되는 유독 가스의 양을 줄이는 것이 중요합니다."
압출법 단열판을 마감재로 사용하는 경우 어떤 장점이 있나요?,압출법 단열판은 내부재로만 사용하는 것이 아니라 마감재로도 사용할 수 있습니다. 건물의 외벽에 부착하면 건물의 외관을 아름답게 꾸미는 효과가 있습니다. 단열성이 뛰어나 건물 내부의 온도를 일정하게 유지하는 데 도움이 됩니다. 또한 습기 차단 기능이 있어 실내의 습도를 적절히 유지하는 데 도움이 됩니다.
압출법 단열판의 설치 프로세스에는 어떤 과정이 포함되나요?,"압출법 단열판의 설치 프로세스에는 먼저 표면을 청소하고 기준선을 설정합니다. 그런 다음 절연판을 배치하고 필요한 경우 조정합니다. 마지막으로, 고정장치를 사용하여 판을 고정하고 마감 작업을 진행합니다."
마감재로 장판을 사용하는 이유는 무엇인가요?,"장판은 내구성, 유지보수 편의성, 내화성 등의 이점으로 인해 마감재로 널리 사용됩니다. 다음은 장판을 사용하는 몇 가지 이유입니다.

* **내구성:** 장판은 일반적으로 목재, 금속, 비닐과 같은 내구성 있는 재료로 만들어져 긁힘, 움푹 들어감, 습기에 잘 견딥니다.
* **유지보수 편의성:** 장판은 청소와 유지가 쉽습니다. 젖은 천이나 세제로 쉽게 닦아낼 수 있습니다.
* **내화성:** 금속, 시멘트 보드와 같은 일부 장판은 방화로 처리되어 화재 발생 시 안전성을 높입니다.
* **다양성:** 장판은 다양한 스타일, 색상, 질감으로 제공되어 다양한 디자인 요구 사항에 맞출 수 있습니다.
* **빠른 설치:** 장판은 일반적으로 대형 조각으로 설치되므로 빠르고 효율적으로 설치할 수 있습니다."
"장판 마감재의 종류에는 어떤 것들이 있으며, 각각의 장점은 무엇인가요?","장판 마감재의 종류로는 세라믹 타일, 진주가공판, 대리석, 합성목재 등이 있습니다. 세라믹 타일은 내구성이 뛰어나고 다양한 디자인이 가능합니다. 진주가공판은 고급스러운 느낌과 내구성을 제공합니다. 대리석은 고급스러운 외관과 내화성을 갖추고, 합성목재는 저렴하고 다양한 디자인이 가능합니다."
PVC 바닥재의 내구성은 어떤가요?,"PVC 바닥재의 내구성은 우수합니다. 표면이 긁힘이나 마모에 강하고, 물과 얼룩에도 강합니다. 또한, 방음 및 단열 효과가 있어 주거 공간에 적합합니다."
PVC 바닥재의 설치 과정에는 어떤 단계가 포함되나요?,PVC 바닥재의 설치 과정에는 먼저 바닥의 표면을 청소하고 수평을 맞추는 작업이 필요합니다. 그 후 바닥재를 배치하고 접합부를 연결하고 마지막으로 마감 작업을 진행합니다.
어떤 종류의 마감재가 층간소음을 줄이는 데 도움이 될까요?,"층간소음을 줄이는 데 도움이 되는 마감재는 방음성능이 뛰어난 재료를 사용하는 것입니다. 일반적으로 두꺼운 카펫, 코르크 바닥, 고무 바닥, 소음 차단 페인트 등이 있습니다. 이러한 재료들은 소음을 흡수하거나 차단하여 층간소음을 줄이는 효과가 있습니다."
층간소음 감소를 위해 고려해야 할 마감재 특성은 무엇인가요?,"층간소음 감소를 위해 고려해야 할 마감재 특성으로는 소음 저감 성능이 뛰어난 고밀도 소재, 진동 저감 기술을 활용한 재료, 그리고 적절한 접착제와 설치 방법이 중요합니다."
KMEW 세라믹 지붕재의 장점과 특징은 무엇인가요?,"KMEW 세라믹 지붕재의 장점:

* 내구성과 내화성이 우수합니다.
* 가볍고 설치가 간편합니다.
* 다양한 색상과 스타일로 제공됩니다.
* 환경 친화적입니다.

특징:

* 고품질의 흙으로 제작되어 내구성이 뛰어납니다.
* 특수 코팅 처리되어 내화성이 우수합니다.
* 경량으로 설치가 용이합니다.
* 다양한 색상과 스타일로 제공되어 다양한 건물에 적합합니다.
* 환경 친화적인 재료로 제작되어 건강에 해롭지 않습니다."
KMEW 세라믹 지붕재를 선택할 때 고려해야 할 설치 요건은 무엇인가요?,"KMEW 세라믹 지붕재를 선택할 때 고려해야 할 설치 요건으로는 지붕의 경사 각도와 구조, 배치 방향, 그리고 접합 부위의 밀폐 방법과 방수 처리가 중요합니다."
마감재 중에서 오리지널징크는 다른 마감재와 어떻게 다른가요?,"원래 징크는 다른 마감재와 달리 특유의 푸른 녹색 산화막이 형성되어 독특한 외관을 가집니다. 이 녹색 녹은 자연 보호막 역할을 하여 징크의 내구성과 수명을 연장합니다. 또한, 징크는 소성이 우수하고 가공하기 쉬워 다양한 형태와 디자인으로 사용할 수 있습니다."
오리지널징크를 사용할 때 고려해야 할 환경적 요소는 무엇인가요?,"오리지널징크를 사용할 때 고려해야 할 환경적 요소로는 지속가능성과 재생 가능성, 자연 자원 소모와 환경 오염의 최소화가 중요합니다. 또한 폐기물 처리와 재활용 가능성도 고려되어야 합니다."
"파벽돌은 건물의 외벽을 구성하는 데 사용되는 마감재 중 하나인데, 이것은 어떻게 제작되고 어떤 장점이 있나요?","파벽돌은 진공 프레스 방식으로 제작되어 고강도와 내구성을 가지고 있으며, 건물의 단열성 및 방음성을 개선하는 데 효과적이며 시공성도 좋습니다."
파벽돌의 디자인 선택에 영향을 미치는 요소는 무엇인가요?,"파벽돌의 디자인 선택에 영향을 미치는 주된 요소로는 벽돌의 색상과 질감, 모양과 패턴, 사용할 장소의 환경적 요건, 그리고 인테리어 디자인과 조명 상황이 있습니다."
석고보드와 점토벽돌의 장단점은 무엇인가요?,"석고보드의 장점: 가볍고 시공이 용이하며 균열 방지 기능이 우수하며 내화성이 좋습니다. 단점: 단열성이 낮고 습기에 약하며 충격에 취약합니다.

점토벽돌의 장점: 내구성과 단열성이 우수하며 습기에 강합니다. 단점: 무겁고 시공이 어렵며 비용이 많이 듭니다."
석고보드와 점토벽돌을 선택할 때 고려해야 할 환경적 요소는 무엇인가요?,"석고보드와 점토벽돌을 선택할 때 고려해야 할 환경적 요소로는 재료의 생산과 가공 과정에서 발생하는 환경 부담, 건물의 내부 환경과 에너지 효율성, 그리고 재생 가능성과 재활용 가능성이 있습니다."
"불연재료를 사용하여 마감재를 만들 때, 환경에 미치는 긍정적인 영향은 무엇인가요?","불연재료를 사용하여 마감재를 만들 때, 환경에 미치는 긍정적인 영향은 다음과 같습니다.

1. 화재 발생 시 연기와 유해 가스 배출을 줄여 대기 질을 개선합니다.
2. 건물의 내구성을 높여 자원 낭비를 줄이고 수명 주기를 연장합니다.
3. 건물의 에너지 효율을 높여 온실가스 배출을 줄입니다."
불연재료를 사용하여 마감재를 제작하는 과정에서 고려해야 할 안전 요소는 무엇인가요?,"불연재료를 사용하여 마감재를 제작할 때 고려해야 할 안전 요소로는 재료의 화재 저항성과 화염 전도성, 그리고 화재 발생 시 발생할 수 있는 유해 가스의 배출량이 중요합니다. 또한 화재 대비 및 대피 계획도 고려되어야 합니다."
인테리어 디자인에서 유리로 만든 스타코 플렉스의 단점은 무엇인가요?,"유리로 만든 스타코 플렉스의 단점은 다음과 같습니다.

* 깨지기 쉽다.
* 무겁다.
* 비싸다.
* 설치가 어렵다.
* 소음이 잘 전달된다."
유리로 만든 스타코 플렉스를 사용할 때 주의해야 할 사항은 무엇인가요?,유리로 만든 스타코 플렉스를 사용할 때 주의해야 할 사항으로는 적절한 안전 장비를 착용하고 다루는 것이 중요합니다. 또한 유리 파편으로 인한 안전 문제를 방지하기 위해 신속하고 주의 깊게 다뤄져야 합니다.
새로운 완전한 다양한 마감재 중에서 흡음재 구조에 가장 효과적인 것은 무엇인가요?,"흡음재 구조에 가장 효과적인 마감재는 천공 금속판입니다. 천공 금속판은 천공된 구멍을 통해 소리를 흡수하여 소음을 줄여줍니다. 또한, 천공 금속판은 설치가 용이하고 다양한 색상과 디자인으로 제공되어 다양한 공간에 적합합니다."
흡음재 구조에서 최고의 효율성을 가진 새로운 마감재는 무엇인가요?,"흡음재 구조에서 최고의 효율성을 가진 새로운 마감재로는 나노구조 소재가 주목받고 있습니다. 이 소재는 소음을 효과적으로 흡수하고 감소시키는 데 도움이 되며, 다양한 환경에서 효과적으로 사용될 수 있습니다."
외부 벽면에 사용할 수 있는 방청 페인트의 종류에는 무엇이 있나요?,"외부 벽면에 사용할 수 있는 방청 페인트의 종류에는 여러 가지가 있습니다. 가장 일반적으로 사용되는 종류로는 아크릴 페인트, 실리콘 페인트, 라텍스 페인트 등이 있습니다. 아크릴 페인트는 경제적이고 다양한 색상과 마감 효과를 제공하여 외부 벽면을 잘 보호할 수 있습니다. 실리콘 페인트는 내부 수분을 흡수하지 않고 외부에서도 잘 사용할 수 있으며, 방수성과 내구성이 뛰어납니다. 라텍스 페인트는 환경에 더 친화적이고 통기성이 좋으며, 장기적으로 외부 벽면을 보호할 수 있습니다. 이러한 종류의 페인트 중에서 적절한 것을 선택하여 외부 벽면을 보호할 수 있습니다."
외부 벽면에 사용할 수 있는 방청 페인트의 특징은 무엇인가요?,"외부 벽면에 사용할 수 있는 방청 페인트는 내부 표면보다 더욱 강력한 내수성과 내풍성을 갖추고 있습니다. 또한 자외선으로부터 보호하는 기능과 내구성이 뛰어나며, 야외 환경에서 오랜 기간 사용할 수 있도록 설계되어 있습니다."
방부목은 건축 혹은 가구 제작에서 어떻게 사용되는 재료인가요?,"방부목은 곰팡이와 곤충의 침해를 받지 않도록 화학 약품으로 처리된 목재를 말합니다. 주로 건축과 가구 제작에 사용되며, 방부 목재는 주로 야외에서 사용할 목적으로 사용됩니다. 이는 내구성이 뛰어나고 썩지 않기 때문입니다. 또한, 방부목은 다양한 색상과 스타일로 제공되므로 다양한 디자인에 사용할 수 있습니다."
방부목을 사용할 때 고려해야 할 설계적 측면은 무엇인가요?,"방부목을 사용할 때 고려해야 할 설계적 측면으로는 환경 조건에 대한 내구성, 재료의 미적 특성과 스타일, 그리고 구조적 요구 사항과 부합하는 적절한 설치 방법이 중요합니다."
목재 마감재와 비교했을 때 비닐사이딩의 내구성에는 어떤 단점이 있나요?,비닐 사이딩은 목재보다 내후성이 떨어져 시간이 지날수록 변색되거나 깨질 수 있습니다.
비닐사이딩의 내구성을 향상시키는 방법에는 무엇이 있나요?,"비닐사이딩의 내구성을 향상시키는 방법으로는 UV 안정제 첨가, 적절한 배치와 고정, 그리고 정기적인 청소와 유지보수가 있습니다."
대리석 바닥재의 장점은 무엇인가요?,"대리석 바닥재의 장점:

* 고급스러운 외관과 다양한 색상 및 무늬
* 내구성과 강도가 높아 오래 사용 가능
* 화재에 강하고 열을 잘 전달하여 난방에 효과적
* 청소 및 유지관리가 용이하고 위생적
* 천연 소재로 친환경적이며 독성이 없음"
대리석 바닥재를 선택할 때 고려해야 할 유지보수 요소는 무엇인가요?,"대리석 바닥재를 선택할 때 고려해야 할 유지보수 요소로는 정기적인 청소와 밀봉 처리, 표면 보호층 재생 및 보수가 있습니다. 또한 갈색 물 흠집을 방지하기 위해 적절한 관리가 필요합니다."
합판마루의 재료와 사용 방법에 대해 알려주세요.,"합판마루는 합판판넬을 바닥재로 사용하는 마루 형식입니다. 합판판넬은 여러 겹의 나무판을 접착제로 붙여 만든 판재로, 강도와 내구성이 우수합니다. 합판마루는 설치가 간편하고 가격이 저렴하며 다양한 디자인으로 출시되어 인기를 끌고 있습니다."
"합판마루를 유지보수하는 데 필요한 절차는 무엇인가요?




","합판마루를 유지보수하는 데 필요한 절차로는 정기적인 청소와 관리, 필요 시 깨진 부분의 교체, 그리고 마루 보호를 위한 적절한 코팅 및 밀폐 처리가 중요합니다."
벽을 돋보이게 하는 유성페인트의 장점은 무엇인가요?,"유성페인트는 벽을 돋보이게 하는데 여러 가지 장점을 가지고 있습니다. 먼저, 유성페인트는 광택이 있어서 벽면을 빛나게 만들어 주어 고급스러운 느낌을 줄 수 있습니다. 또한, 표면의 불규칙성을 가리고 부드럽게 만들어 줌으로써 벽면을 매끈하고 깔끔하게 보이도록 도와줍니다. 또한, 유성페인트는 내구성이 뛰어나고 세척이 용이하여 장기간 유지보수가 쉽습니다. 이러한 장점들로 인해 유성페인트는 벽을 돋보이게 하는데 효과적인 선택이 될 수 있습니다."
유성페인트를 사용할 때 고려해야 할 색상 선택 요소는 무엇인가요?,"유성페인트를 사용할 때 고려해야 할 색상 선택 요소로는 조명 상태와 강도, 공간의 크기와 형태, 그리고 인테리어 스타일과 색채 조화가 중요합니다."
마감재로 수성페인트를 사용하는 경우에는 어떤 문제가 발생할 수 있나요?,"마감재로 수성페인트를 사용하는 경우에는 몇 가지 문제가 발생할 수 있습니다. 먼저, 수성페인트는 물기에 민감하므로 습기가 많은 환경에서 사용할 경우 페인트가 벗겨질 수 있습니다. 또한, 수성페인트는 기름 기반의 페인트보다 빠르게 마르지만, 완전히 건조되기까지는 시간이 필요합니다. 따라서 충분한 건조 시간을 주지 않을 경우 페인트가 뭉치거나 박리될 수 있습니다. 또한, 수성페인트는 표면을 깔끔하게 처리하지 않으면 부착력이 약해져 페인트의 내구성이 저하될 수 있습니다. 이러한 문제들을 고려하여 수성페인트를 사용할 때는 적절한 환경과 준비를 갖추는 것이 중요합니다."
수성페인트를 사용할 때 고려해야 할 환경적 요소는 무엇인가요?,수성페인트를 사용할 때 고려해야 할 환경적 요소로는 VOC(휘발성 유기 화합물) 함량과 화학적 오염물 배출이 중요합니다. 또한 친환경적이고 안전한 제품을 선택하여 인테리어 환경과 건강에 이점을 가져다 줄 수 있습니다.
실내 벽에 사용할 수 있는 특별한 종류의 페인트가 있나요?,"실내 벽에 사용할 수 있는 특별한 종류의 페인트로는 다양한 종류가 있습니다. 예를 들어, 항균 페인트는 세균과 곰팡이의 번식을 억제하여 실내 환경을 보다 위생적으로 유지할 수 있습니다. 또한, 자기소방 페인트는 화재 발생 시 벽면의 화재 전파를 억제하여 안전을 강화하는 역할을 합니다. 또한, 자외선 차단 페인트는 자외선을 차단하여 실내의 온도 상승을 줄여주고 가구와 바닥재의 색상 변화를 방지합니다. 이 밖에도 다양한 특수 효과를 가진 페인트들이 있으며, 각각의 특성에 맞게 선택하여 사용할 수 있습니다."
실내 벽면을 처리하는 데 가장 효과적인 페인트 종류는 무엇인가요?,"실내 벽면을 처리하는 가장 효과적인 페인트 종류로는 아크릴 페인트가 일반적으로 선택됩니다. 이는 편리한 사용과 다양한 색상 옵션, 빠른 건조 시간과 내구성을 제공하여 실내 공간에 적합합니다."
알루미늄 샤시를 사용하는 것이 유리한 이유는 무엇인가요? ,"* 가볍고 강도가 뛰어나서 운반 및 설치가 용이합니다.
* 내구성이 우수하여 장기간 사용이 가능합니다.
* 내식성이 강하여 녹이 슬지 않아 유지보수가 용이합니다.
* 디자인성이 뛰어나 다양한 건축물에 적용이 가능합니다."
알루미늄 샤시를 설치할 때 고려해야 할 유지보수 요소는 무엇인가요?,"알루미늄 샤시를 설치할 때 고려해야 할 유지보수 요소로는 적기에 정기적인 청소와 관리, 금속 부분의 부식 방지를 위한 적절한 코팅 및 보호층의 유지, 그리고 필요 시 파손된 부품의 교체가 있습니다."
방염벽지를 사용하는 것의 장점은 무엇인가요?,"* 화재 방지 및 연소 지연: 방염벽지는 화재 발생 시 화염의 확산을 늦추고 연소되는 것을 지연시켜 화재 피해를 줄일 수 있습니다.
* 연기 및 독성가스 방출 감소: 방염벽지는 화재 발생 시 연기와 독성가스의 방출을 줄여 인명 피해를 최소화하는 데 도움이 될 수 있습니다.
* 건축 기준 준수: 방염벽지는 건축 기준을 준수하기 위해 사용되며, 이는 건물의 안전성과 화재 보호를 보장하는 데 도움이 됩니다."
방염벽지를 설치할 때 주의해야 할 안전 상의 요소는 무엇인가요?,방염벽지를 설치할 때 주의해야 할 안전 상의 요소로는 화재에 대한 높은 내화성과 낮은 연소 특성을 고려하여 화재 안전성을 확보하는 것이 중요합니다. 또한 화재 대비 계획 및 화재 안전 장비를 갖추는 것도 중요합니다.
마감재 중에 단일재로 사용되는 것은 무엇이 있나요?,"마감재 중에 단일재로 사용되는 것으로는 대표적으로 돌, 벽돌, 대리석, 목재 등이 있습니다. 이러한 재료들은 단독으로 사용되어 건물의 외관을 마감하는 데 사용될 수 있습니다. 예를 들어, 돌과 대리석은 건물의 외벽을 아름답게 장식하는 데 사용되며, 목재는 외부 벽면의 패널링이나 창문 및 문 등의 마감재로 사용될 수 있습니다. 또한, 벽돌은 전통적인 외벽 마감재로 널리 사용되며, 다양한 디자인과 색상으로 건물의 외관을 꾸밀 수 있습니다. 이러한 단일재들은 각각의 특성에 따라 건물의 외관을 아름답게 마감하는 데 사용됩니다."
단일재로 사용되는 마감재의 장점과 단점은 무엇인가요?,단일재로 사용되는 마감재의 장점은 설치가 간편하고 비용이 저렴하며 일관된 외관을 제공한다는 것입니다. 그러나 단점으로는 다양한 디자인 옵션이 제한되고 내구성이 다른 재료에 비해 낮을 수 있다는 점이 있습니다.
"마감재로 사용되는 셀룰로오스는 어떤 소재이며, 어떤 장점을 가지고 있나요?","셀룰로오스는 식물의 세포벽을 구성하는 천연고분자입니다. 건조기, 천연고무 및 섬유 등 다양한 산업에서 마감재로 사용됩니다.

 장점은 다음과 같습니다.

- 경량이고 강도가 우수
- 내구성과 내화성이 뛰어남
- 물과 습기를 흡수하지 않음
- 다양한 색상과 질감으로 가공 가능
- 친환경적 재료"
셀룰로오스를 활용한 마감재의 특징과 용도는 무엇인가요?,"셀룰로오스를 활용한 마감재는 친환경적이며 방수 및 소음 저감 기능을 가집니다. 주로 벽면, 천장 등의 내부 공간을 장식하고 보호하는 데 사용됩니다."
쌀풀의 마감재로서의 역할과 이점에 대해 설명해 주세요.,"쌀풀 마감재 사용 이점:

- 무기질과 영양소 풍부로 벽과 천장이 건강해집니다.
- 곰팡이와 박테리아가 번식하지 않아 공기가 깨끗합니다.
- 내미성, 내화성이 있어 건물 수명이 연장됩니다.
- 난연성이 있어 화재 위험이 감소합니다.
- 환경친화적이며 건축자재로 적합합니다."
"쌀풀이 건물 마감재로 사용되는 경우, 그 역할과 장점은 무엇인가요?","쌀풀은 친환경적이며 가벼워 건물 구조에 부담을 주지 않습니다. 또한 열 및 소음 저감 기능을 제공하며, 내습기성과 방수성을 가지고 있어 건물을 보호합니다. 장식적으로도 다양한 디자인이 가능합니다."
마감재 중 다공질 흡음재인 스펀지가 과연 어떻게 사용되는 걸까요?,"다공질 흡음재인 스펀지는 소음을 줄이는 데 효과적이며, 다양한 형태로 사용됩니다. 예를 들어, 스튜디오나 콘서트 홀과 같은 음향 공간에서 벽이나 천장을 덮는 데 사용될 수 있습니다. 또한, 기계나 장비 주변의 소음을 줄이기 위해 사용될 수 있으며, 차량의 소음을 줄이기 위해 사용될 수도 있습니다."
스펀지를 다공질 흡음재로 사용하는 것은 어떤 기술적인 프로세스를 포함하나요?,"스펀지를 다공질 흡음재로 사용하기 위해선 압축, 발포, 및 가공이 필요합니다. 먼저 스펀지를 압축하여 공간을 만든 후 발포시켜 다공질 구조를 형성합니다. 이후 적절한 크기와 모양으로 가공하여 사용합니다."
"마감재 카테고리에 맞는 새로운 질문입니다:
난연재료가 마감재에 어떤 역할을 하고 있나요?","난연재료는 마감재로 사용될 때 건물의 안전성을 높이는 역할을 합니다. 주로 화재 발생 시 화염의 전파를 억제하여 화재의 확산을 막는 데 사용됩니다. 이는 건축물 내부의 화재가 외부로 확산되거나, 외부에서 내부로 옮겨오는 것을 방지하여 인명과 재산의 피해를 최소화하는 데 도움이 됩니다. 또한, 난연재료는 화재로부터 건물의 구조물을 보호하여 건물의 안정성을 유지하고, 화재로 인한 재난을 방지하는데 중요한 역할을 합니다. 따라서 건축물의 마감재로 난연재료를 사용함으로써 화재 안전성을 강화할 수 있습니다."
마감재에 사용되는 난연재료의 종류는 무엇이 있나요?,"마감재에 사용되는 난연재료로는 극온에서도 안정된 석고보드, 불에 강한 시멘트보드, 화재에 강한 금속 패널 등이 있습니다."
인테리어 디자인에서 에폭시 계열 페인트는 어떤 부분에 사용하나요?,"에폭시 계열 페인트는 인테리어 디자인에서 아래와 같은 부분에 사용합니다:

1. 바닥: 에폭시 코팅 바닥은 강도, 내구성 및 내화학성이 뛰어나 공장, 창고, 병원 및 기타 산업 공간에서 널리 사용됩니다.

2. 벽: 에폭시 페인트는 벽에 광택을 내고 내구성을 높이는 데 사용할 수 있습니다. 주방, 욕실 및 기타 습기가 많은 공간에서 인기 있는 선택입니다.

3. 카운터탑: 에폭시 카운터탑은 유리나 대리석과 같은 기존 카운터탑에 비해 강도와 내구성이 뛰어납니다. 다양한 색상과 패턴으로 사용할 수 있으므로 주방과 욕실에 인기 있는 선택입니다."
에폭시 계열 페인트가 인테리어 디자인에서 사용되는 주요 기술은 무엇인가요?,"에폭시 계열 페인트는 고강도 결합력과 내식성으로 유명하며, 다양한 표면에 부착할 수 있는 특성을 가지고 있습니다. 또한 빠른 건조 속도와 장기간의 내구성을 제공하여 인테리어 디자인에 적합합니다."
차음재 중 이중벽에 사용되는 소재는 무엇이 있나요?,"이중벽 차음재로 사용되는 소재는 다양합니다. 일반적으로 석고보드, 합판, 섬유보드, 우레탄폼, 셀룰로스 등이 사용됩니다. 이러한 소재들은 각각 고유한 특성을 가지고 있으며, 건축가나 시공자가 건물의 특성과 요구 사항에 따라 적절한 소재를 선택합니다."
이중벽에 사용되는 소재의 기술적 특성은 무엇인가요?,이중벽에 사용되는 소재는 일반적으로 열 및 소음 저감 기능을 강화하는 역할을 합니다. 또한 보온성과 내습기성을 향상시켜 건물 내부의 안정성을 유지합니다.
목재 마감재와 비교하여 비닐사이딩의 주요 장점은 무엇인가요?,"목재 마감재와 비교하여 비닐사이딩의 주요 장점은 내구성과 유지보수의 용이함입니다. 비닐사이딩은 내구성이 뛰어나서 부식에 강하고 오랜 기간 동안 변색되지 않습니다. 또한, 비닐사이딩은 수분에 강하고 거의 녹지 않기 때문에 습기가 많은 환경에서도 잘 사용될 수 있습니다. 또한, 비닐사이딩은 저렴하고 가벼워서 설치가 쉽고 비용이 저렴합니다. 또한, 유지보수가 쉽고 세척이 용이하여 장기적으로 비용을 절감할 수 있습니다. 이러한 장점들로 인해 비닐사이딩은 많은 건축 프로젝트에서 인기 있는 선택지가 됩니다."
비닐사이딩은 목재 마감재보다 어떤 점이 더 좋은가요?,비닐사이딩은 목재 마감재보다 더 내구성이 뛰어나고 저렴하며 유지보수가 쉽습니다. 또한 방수 및 내습기성이 뛰어나고 다양한 디자인과 색상이 제공되어 다양한 스타일에 적합합니다.
사우나를 만들 때 사용하기 적합한 마감재는 어떤 것들이 있을까요?,"사우나 마감재 선정 시 고려 사항:

* 내열성 및 내습성: 사우나는 고온다습한 환경이어서 내열성 및 내습성이 뛰어난 마감재를 선택해야 함.
* 청소 및 유지 관리 용이성: 사우나는 정기적으로 청소 및 유지 관리가 필요하므로 청소하기 쉬운 마감재를 선택해야 함.
* 미학적 요소: 사우나는 휴식과 이완을 위한 공간이므로 미학적 요소도 고려해야 함.

Q: 사우나를 만들 때 사용하기 적합한 마감재는 어떤 것들이 있을까요?

* 세라믹 타일: 내열성 및 내습성이 뛰어나고 청소하기 쉽습니다.
* 천연석: 내열성 및 내습성이 뛰어나고 고급스러운 분위기를 연출할 수 있습니다.
* 목재: 내열성은 떨어지지만 자연스러운 분위기를 연출할 수 있습니다.
* 유리: 내열성 및 내습성이 뛰어나고 현대적인 분위기를 연출할 수 있습니다."
사우나 마감재를 선택할 때 고려해야 할 요소는 무엇인가요?,"사우나 마감재를 선택할 때는 고온과 습기에 견디는 내구성과 방수성이 중요합니다. 또한 안전을 위해 화재저항성이 있어야 하며, 청결과 유지보수의 용이성도 고려해야 합니다."
인테리어 디자인에 PVC 샤시를 사용하는 장점은 무엇인가요?,"PVC 샤시를 사용하는 장점은 다음과 같습니다.

- 내구성과 강도가 우수하여 장기간 사용이 가능합니다.
- 방수 및 방습 기능이 있어 습한 환경에서도 사용이 가능합니다.
- 다양한 색상과 디자인으로 시공이 가능하여 다양한 인테리어 스타일과 조화를 이룰 수 있습니다.
- 경량으로 취급 및 설치가 용이합니다.
- 가격이 저렴하여 비용 절감이 가능합니다."
PVC 샤시를 활용한 인테리어 디자인은 어떤 효과를 가져다 줄 수 있나요?,"PVC 샤시를 활용한 인테리어 디자인은 내구성과 유지보수의 편리함을 제공합니다. 또한 다양한 색상과 스타일 옵션으로 인테리어에 세련된 외관을 부여하고, 소음 및 열 절연 효과를 높여 안락한 환경을 조성할 수 있습니다."
마감재 중에서 리얼징크는 어떤 용도로 사용되는지 알려주세요.,"리얼징크는 산화에 강한 특성을 지녔으며 건축자재로 사용됩니다. 주로 지붕, 외벽, gutters, downspouts와 같은 부분에 적용하여 부식으로부터 보호하고, 장수명을 유지시키며, 고유한 외관을 제공할 수 있습니다."
리얼징크가 사용되는 주요 산업 분야는 무엇인가요?,"리얼징크는 주로 건축, 자동차, 전기 및 전자 산업에서 사용됩니다. 특히 건축 분야에서는 지붕재, 외벽재 등에 널리 활용되며, 자동차 산업에서는 부품 제작에 사용됩니다."
인테리어 디자인에서 사용되는 각종 마감재들의 유지보수 주기는 어떻게 되나요?,"인테리어 디자인에 사용되는 마감재들의 유지보수 주기는 다음과 같습니다.

* 페인트: 3~5년
* 벽지: 7~10년
* 타일: 10~20년
* 카펫: 5~10년
* 하드우드 바닥: 10~20년
* 라미네이트 바닥: 10~15년
* 리노륨 바닥: 10~20년
* 천장 타일: 10~15년
* 조명기구: 5~10년
* 주방 및 욕실 캐비닛: 10~15년"
인테리어 디자인에서 사용되는 각종 마감재들의 유지보수 방법은 무엇인가요?,"인테리어 디자인에서 사용되는 각종 마감재들의 유지보수 방법은 주기적인 청소와 관리로 이루어집니다. 부드러운 천으로 먼지를 닦거나 중성 세제를 이용한 세척이 일반적이며, 필요시 정기적인 보수 및 교체가 필요합니다."
점토벽돌의 백화 현상이 건축물의 내구성에 어떤 영향을 미치나요? (마감재),"점토벽돌의 백화 현상은 건축물의 내구성에 부정적인 영향을 미칩니다. 백화 현상은 벽돌에 포함된 염류가 수분과 반응하여 표면에 백색의 퇴적물을 형성하는 현상이며, 이는 벽돌의 내구성을 저하시키고 건축물의 외관을 손상시킵니다. 또한, 백화 현상은 벽돌의 수분 흡수율을 증가시키고, 이는 벽돌의 내부 결함을 유발할 수 있습니다."
점토벽돌의 백화 현상을 방지하기 위한 대책은 무엇이 있나요?,점토벽돌의 백화 현상을 방지하기 위한 대책으로는 표면을 적절히 보호하는 방법이 효과적입니다. 외부에 방수 처리를 하거나 통기성을 높이는 특수 페인트를 사용하여 습기 유입을 막는 것이 중요합니다.
강화마루는 어떤 재료로 만들어지며 내구성과 사용 방법은 어떻게 되나요?,"강화마루는 합성수지를 사용하여 만든 인공마루입니다. 내구성이 우수하고, 다양한 색상과 무늬로 제공됩니다. 일반적으로 설치가 간편하고, 수분과 긁힘에 강합니다. 또한, 난방 시스템과의 호환성이 높아 널리 사용됩니다. 사용 방법은 일반 마루와 유사합니다."
"강화마루의 제작과정은 어떻게 되며, 어떤 특징을 가지고 있나요?","강화마루는 HDF 기판 위에 강화 수지와 목재 가루를 압축 및 발포시켜 만듭니다. 이후 열 및 압력 처리로 강화되며, 내구성과 내습기성이 뛰어나고 다양한 디자인과 색상이 가능합니다."
"세라믹 타일은 어떤 재료로 만들어지나요?
카테고리: 마감재.","세라믹 타일은 점토, 모래, 장석과 같은 천연 원료를 결합하여 만듭니다. 이러한 재료를 혼합하여 가열하여 경화시키면 세라믹 타일이 완성됩니다."
세라믹 타일의 제조과정에는 어떤 단계들이 포함되나요?,"세라믹 타일의 제조과정은 재료 준비, 형성, 건조, 가공, 소성 단계를 포함합니다. 우선 원료를 혼합하고 주형에 채워 형성한 후 건조시키고 가공하여 마무리합니다. 마지막으로 고온에서 소성하여 내구성을 강화합니다."
인테리어 마감재로 사용되는 한지벽지의 장점은 무엇인가요?,"한지벽지는 공간을 쾌적하고 편안하게 만들고, 습기를 조절하며, 공기를 정화하는 효과가 있습니다. 또한, 방음 및 단열 효과가 있어 에너지를 절감할 수 있습니다."
한지벽지를 선택하는 이유는 무엇인가요?,한지벽지를 선택하는 이유는 자연적이고 친환경적인 재료를 활용하여 실내 환경을 개선하고 독특한 분위기를 조성하기 위해서입니다. 또한 다양한 디자인과 색상으로 개인의 취향과 공간에 맞춤형으로 활용할 수 있습니다.
"효율적인 보온판 마감재의 선택 시, 비드법 보온판 2종의 장점은 무엇인가요?","비드법 보온판 2종의 장점은 다음과 같습니다. 먼저, 비드법 보온판은 보온성이 우수하여 열전도율이 낮아 에너지 효율성을 높일 수 있습니다. 또한, 비드법 보온판은 가벽의 열교환을 최소화하여 실내의 온도 변화를 줄여주는 역할을 합니다. 이로써 건물 내부의 온도를 안정화시켜 편안한 환경을 유지할 수 있습니다. 따라서 비드법 보온판은 효율적인 보온판 마감재로 선택될 때 건물의 에너지 효율성을 향상시키는데 기여할 수 있습니다."
비드법 보온판 2종의 장점을 최대한 활용하기 위해 고려해야 할 사항은 무엇인가요?,"비드법 보온판 2종의 장점을 최대한 활용하기 위해선 설치환경과 용도에 맞게 적절한 보온판을 선택하는 것이 중요합니다. 또한 보온판의 두께와 재질을 고려하여 열 전달 특성과 보온 효과를 최적화해야 합니다. 올바른 설치 및 유지보수도 필요하며, 에너지 효율과 내구성을 고려해야 합니다."
석조벽돌 마감재의 장점은 무엇인가요?,"* 내구성 및 내화성 우수
* 고급스러운 외관 연출 가능
* 다양한 질감 및 색상 선택 가능
* 건물의 가치 향상"
석조벽돌 마감재를 사용하는 건물의 외관적 특징은 무엇인가요?,석조벽돌 마감재를 사용하는 건물은 주로 고대 건축 양식에서 발견됩니다. 이러한 건물은 뛰어난 내구성과 안정성을 제공하면서도 아름다운 외관을 보여줍니다. 석조벽돌은 강력한 구조물을 형성하고 다양한 장식적 요소를 허용합니다. 이러한 건물은 또한 역사적·문화적 가치를 지니며 관심을 끌기도 합니다.
마감재로 사용되는 벽지 종류 중에서 가장 인기 있는 디자인은 무엇인가요?,"벽지 종류 중에서 가장 인기 있는 디자인은 자연스럽고 따뜻한 느낌을 주는 질감 있는 벽지, 패턴이 있는 벽지, 식물이나 동물 패턴이 있는 벽지입니다."
마감재로 사용되는 벽지 종류 중에서 가장 트렌디한 스타일은 무엇인가요?,마감재로 사용되는 벽지 스타일 중에서 현재 트렌디한 것은 텍스처 벽지입니다. 텍스처 벽지는 다양한 질감과 패턴으로 공간에 깊이와 풍부함을 더해줍니다. 특히 현대 건축에서는 산업적이고 현대적인 느낌을 주는 콘크리트 텍스처나 자연적이고 따뜻한 느낌을 주는 목재 텍스처가 인기를 끌고 있습니다. 이러한 텍스처 벽지는 공간을 개성 있게 꾸며주고 트렌디한 분위기를 조성합니다.
방청산화철페인트를 사용하여 벽을 칠할 때 어떤 절차를 따라야 하나요?,"1. 벽면 준비: 먼지를 털고 기름기와 먼지를 제거
2. 균열과 구멍 메우기: 퍼티를 사용하여 벽의 균열과 구멍을 메우기
3. 페인트 칠하기: 방청산화철페인트를 일정한 두께로 칠하기"
"방청산화철페인트의 적용 기술은 무엇이며, 벽을 칠할 때 필요한 과정은 어떻게 되나요?",방청산화철페인트는 환경친화적인 방식으로 벽을 칠하는 기술입니다. 먼저 벽면을 청소하고 균열을 보수합니다. 그런 다음 페인트를 사용하기 전에 벽면을 채색제로 처리하여 페인트의 부착력을 높입니다. 이후 롤러나 붓을 사용하여 페인트를 고르게 발라줍니다. 마지막으로 적절한 건조시간을 기다린 후 두 번째 코트를 적용합니다.
"마감재 - 방부목
방부목을 사용할 때 어떤 문제가 발생할 수 있나요?","방부목을 사용할 때 발생할 수 있는 문제는 다음과 같습니다.

* 방부제의 유해성: 방부제는 대부분 독성이 있어 건강에 해를 끼칠 수 있습니다.
* 방부목의 오염: 방부목은 오염되기 쉽기 때문에 정기적인 관리가 필요합니다.
* 방부목의 변색: 방부목은 시간이 지나면서 변색될 수 있습니다."
방부목을 사용할 때 발생할 수 있는 기술적인 어려움이나 고려해야 할 사항은 무엇인가요?,"방부목 사용 시 주의할 점은 주로 수분과의 상호작용입니다. 방부목은 습기에 민감하여 변형이나 부식이 발생할 수 있습니다. 따라서 적절한 방수 처리와 주기적인 유지보수가 필요합니다. 또한 방부목의 중량과 구조적 특성을 고려하여 적절한 지지체를 설계해야 합니다. 마지막으로 환경적 요소에 대한 고려도 중요한데, 자연적 분해와 생물의 침입을 방지하기 위한 조치가 필요합니다."
마감재로 장판을 사용하는 이유는 무엇인가요?,"장판은 독특한 질감과 풍부한 색상을 제공하여 공간에 따뜻하고 자연스러운 분위기를 연출할 수 있습니다. 또한, 장판은 단열성이 우수하여 에너지 절약에도 도움이 됩니다."
장판을 마감재로 사용하는 기술적 이점은 무엇인가요?,"장판을 마감재로 사용하는 기술적 이점은 다수 있습니다. 먼저, 장판은 내구성이 뛰어나서 오랜 기간 사용 가능합니다. 또한 장판은 날씨 변화에 대해 저항력이 강하고 방수 기능도 있어 외부 요인으로부터 건물을 보호할 수 있습니다. 더불어 장판은 설치가 비교적 간편하고 유지보수가 용이하여 시공 및 관리 비용을 줄일 수 있습니다."
마감재 중에서 바닥재로 사용되는 것들에는 어떤 종류가 있나요?,"마감재로 사용되는 바닥재 종류는 다음과 같습니다.

* 목재 바닥재
* 라미네이트 바닥재
* 비닐 바닥재
* 타일 바닥재
* 카펫 바닥재
* 콘크리트 바닥재
* 테라조 바닥재
* 리놀륨 바닥재
* 코르크 바닥재
* 고무 바닥재"
바닥재로 사용되는 마감재 중에서 인기 있는 디자인은 무엇인가요?,"바닥재로 사용되는 마감재 중에서 현재 매우 인기 있는 디자인은 목재 바닥재입니다. 목재 바닥재는 자연적이고 따뜻한 느낌을 주며 다양한 스타일에 쉽게 조화됩니다. 특히 현대 인테리어에서는 널리 사용되며, 다양한 종류의 목재와 마감 방식을 통해 다양한 디자인 옵션이 제공됩니다."
"거실에 비드법 보온판 1종을 설치했을 때, 마감재로서의 단점은 무엇인가요?","비드법 보온판 1종의 마감재로서 단점은 다음과 같습니다.

* 표면이 거칠어 먼지와 오염물질이 쉽게 달라붙습니다.
* 방수성이 낮아 물기가 차면 쉽게 곰팡이가 생깁니다.
* 단열성이 떨어져 난방비가 많이 들 수 있습니다.
* 소음이 잘 통과되어 방음이 잘 되지 않습니다."
비드법 보온판을 거실에 설치할 때 고려해야 할 기술적인 문제는 무엇인가요?,비드법 보온판을 거실에 설치할 때 고려해야 할 기술적인 문제는 전기와의 안전한 연결 및 열 배출입니다. 적절한 전기 시스템을 설정하여 과부하를 방지하고 안전한 사용을 보장해야 합니다. 또한 보온판이 발생하는 열을 효과적으로 배출하기 위해 공기 순환 및 배치 위치를 고려해야 합니다. 이는 보온판의 효율성과 사용자의 안전을 보장하기 위한 중요한 요소입니다.
"굽도리는 마감재로 사용되는 적층목재로, 문이나 창문 등의 구멍 가장자리를 마감하는 데 사용됩니다. 그렇다면 굽도리는 어떤 형태와 재질로 제작되는지 알아보고 계시면서, 어떤 마감재로 사용되는지 확인하여 질문을 만드십시오.","굽도리 마감재는 전통적인 한국 건축물에서 사용되는 재료로, 주로 벽면을 마감하는 데 사용됩니다. 이 마감재는 주로 목재를 가늘게 채취하여 만들어지며, 보통은 황토를 이용하여 벽면에 고정됩니다. 굽도리는 특히 한옥 건축에서 많이 사용되며, 그 특색 있는 디자인과 자연스러운 느낌으로 인해 인기가 있습니다. 또한, 굽도리는 통기성이 좋고 보온성이 뛰어나며, 자연스러운 모습으로 건물의 외관을 아름답게 마감할 수 있습니다. 이러한 특성으로 인해 굽도리는 전통적이면서도 기능적인 마감재로 널리 사용됩니다."
굽도리가 사용되는 주요 재질과 형태는 무엇인가요?,"굽도리가 주로 사용되는 재질은 도자기나 석재입니다. 도자기 굽도리는 흙을 덩어리로 만들어 구워 제작되며, 주로 소형이거나 중형의 용기로 사용됩니다. 석재 굽도리는 주로 대형 화로나 난로에 사용되며, 석재를 적절히 깎아 제작됩니다. 이러한 재질과 형태는 굽도리의 내열성과 디자인을 결정합니다."
징크판넬은 외부 건물 마감재로 어떤 장점을 가지고 있나요?,"징크판넬은 외부 건물 마감재로서 다음과 같은 장점을 가지고 있습니다.

* 내구성 및 내후성이 뛰어나고 수명이 길며, 녹이 슬지 않습니다.
* 경량으로 시공하기 쉽습니다.
* 다양한 색상과 디자인으로 시각적 효과를 줄 수 있습니다.
* 경제적입니다."
징크판넬을 사용하는 건물은 어떤 특징을 가지고 있나요?,"징크판넬을 사용하는 건물은 주로 산업적이고 현대적인 외관을 가지고 있습니다. 이러한 판넬은 경량이면서도 내구성이 뛰어나며, 날씨 변화에도 강하게 견딥니다. 또한 징크판넬은 접속이 간편하고 시공이 빠르며 비용을 절감할 수 있는 장점을 가지고 있습니다. 이로써 건물은 현대적인 스타일을 유지하면서도 효율적으로 완성됩니다."
마감재 중에서 페인트 중도재는 무엇을 의미하나요?,"페인트 중도재는 여러 겹의 페인트를 도색하는 과정에서 중간에 도포되는 페인트를 의미합니다. 보통 하도와 상도 사이에 도포되며, 하도의 결함을 보완하고 상도의 접착력을 높여주는 역할을 합니다."
페인트 중도재의 역할은 무엇인가요?,"페인트 중도재는 건축물의 외부 또는 내부에 사용되어 보호와 장식을 담당합니다. 이것은 표면의 결함을 보완하고 표면을 보호하여 부식이나 파손을 방지합니다. 또한 건물의 외관을 개선하고 더욱 아름답게 만들어줍니다. 중요한 역할 중 하나는 환경으로부터 건물을 보호하는 것이며, 페인트 중도재는 날씨 변화로부터 건물을 보호합니다."
외부 환경에서 오랫동안 지속되는 수성페인트의 내구성은 어떤가요?,"수성페인트의 내구성은 외부 환경에 따라 다르지만, 일반적으로 유성페인트보다 떨어집니다. 수성페인트는 물을 기반으로 하기 때문에 습기와 자외선에 취약하며, 시간이 지남에 따라 변색되거나 벗겨질 수 있습니다. 또한, 수성페인트는 유성페인트보다 건조 시간이 길고, 먼지와 이물질이 쉽게 붙습니다."
"수성페인트가 외부 환경에서 오랫동안 사용될 때, 기술적인 측면에서의 내구성은 어떻게 되나요?","수성페인트가 외부 환경에서 오랫동안 사용될 때, 기술적인 측면에서의 내구성은 뛰어납니다. 이러한 페인트는 날씨 변화와 자외선에 강하며, 색상과 광택을 오랫동안 유지할 수 있습니다. 또한 수성페인트는 플라스틱 특성을 가지고 있어 균열이나 벗겨짐을 방지하며, 노후에도 장기간 보호를 제공합니다."
화장실 도기질 타일의 평균적인 수명은 어느 정도인가요? ," 화장실 도기질 타일의 수명은 유지보수 상태, 타일 유형, 교체 빈도와 같은 요인에 따라 달라집니다. 일반적으로 잘 유지되고 교체되지 않는 고품질 도기질 타일의 수명은 20~30년입니다."
"도기질 타일의 기술적 특성에 따라, 화장실에서 사용되는 경우 이들의 수명은 어떻게 될까요?","도기질 타일은 화장실에서 사용될 때 일반적으로 오랫동안 지속됩니다. 이들은 수분과 화학물질에 강하며 내구성이 뛰어나기 때문에 고온과 습기가 많은 환경에서도 잘 유지됩니다. 또한 도기질 타일은 변색이나 파손이 적고, 쉽게 청소할 수 있어서 장기간 사용되어도 외관이 유지됩니다."
목재 마감재의 장점은 무엇인가요?,"목재 마감재의 장점은 다음과 같습니다.
* 천연스럽고 아름답습니다.
* 따뜻하고 부드러운 느낌을 줍니다.
* 내구성이 우수합니다.
* 재활용이 가능합니다."
목재 마감재를 선택하는 이유는 무엇인가요?,목재 마감재를 선택하는 이유는 주로 자연적이고 아름다운 외관과 따뜻한 느낌 때문입니다. 목재는 다양한 종류와 색상으로 제공되어 다양한 디자인에 적용할 수 있습니다. 또한 목재는 내구성이 뛰어나고 고장이 적으며 고급스러운 느낌을 줍니다. 이러한 이유로 목재 마감재는 건물 내외부의 다양한 공간에서 널리 사용됩니다.
"페인트가 사용 후에도 남게 되었을 때, 안전하고 환경에 친화적인 방법으로 남은 페인트를 어떻게 처리할 수 있을까요?"," 페인트를 처분할 때는 다음과 같은 방법을 사용할 수 있습니다.

* **페인트 재활용:** 페인트 상점이나 재활용 센터에서 페인트를 재활용할 수 있습니다.
* **경화 및 폐기:** 페인트를 신문이나 모래에 붓고 말린 다음 일반 쓰레기로 폐기할 수 있습니다.
* **페인트 제거:** 페인트 제거제를 사용하여 페인트를 제거할 수 있습니다. 페인트 제거제는 페인트 상점에서 구입할 수 있습니다."
페인트를 안전하게 처리하고 환경에 친화적으로 재활용하는 기술적인 접근 방법은 무엇인가요?,"페인트를 안전하게 처리하고 환경에 친화적으로 재활용하는 기술적인 접근 방법은 주로 두 가지로 나뉩니다. 첫째, 사용된 페인트를 안전하게 처리하고 재활용하기 위해 특수한 시설이나 프로세스를 도입합니다. 둘째, 친환경적인 페인트 제품을 개발하여 화학물질 함량을 줄이고 재생 가능한 자원을 사용합니다. 이러한 기술적인 접근 방법은 환경 오염을 최소화하고 지속 가능한 건축 산업을 유지하는 데 도움이 됩니다."
"마감재 중 하나인 직물벽지는 어떻게 사용되며, 인테리어 디자인에 어떤 영향을 미칠 수 있을까요?","직물벽지는 공간에 따뜻함과 부드러움을 더해주며, 다양한 색상과 패턴으로 인테리어 디자인을 더욱 개성 있게 연출할 수 있습니다. 또한, 직물벽지는 방음효과가 있어 소음이 많은 공간에서 사용하기 적합합니다."
"직물벽지의 재료는 무엇이며, 이러한 재료가 제품의 내구성에 어떤 영향을 미칠까요?","직물벽지의 재료는 주로 천연 섬유나 인조 섬유로 만들어집니다. 천연 섬유로는 면, 리넨, 양모 등이 사용되고, 인조 섬유로는 폴리에스터나 나일론 등이 사용됩니다. 이러한 재료는 벽지의 내구성과 내마모성에 영향을 미칩니다. 일반적으로 천연 섬유는 튼튼하고 내구성이 뛰어나지만 더 많은 관리가 필요합니다. 반면 인조 섬유는 내마모성이 뛰어나고 세탁이 쉽지만 일부 경우에는 덜 내구성이 있을 수 있습니다."
"가정 내 마감재 작업 중에 어떤 것이 더 시간이 오래 걸리나요, 도배 작업이냐 아니면 페인트 시공이냐?",도배 작업이 페인트 시공보다 더 시간이 오래 걸립니다.
"가정 내 마감재 작업 중에 어떤 것이 더 비용이 많이 드는가요, 도배 작업이냐 아니면 페인트 시공이냐?",가정 내 마감재 작업 중 도배 작업이 더 비용이 많이 듭니다. 도배 작업에는 재료 비용뿐만 아니라 전문 기술과 노동력이 필요하기 때문입니다. 반면에 페인트 시공은 상대적으로 저렴하고 간단하며 DIY 방식으로 수행될 수 있기 때문에 비용이 적게 듭니다.
흡음재 중 공명형은 마감재로 어떤 역할을 하는 건가요?,반향 소음을 줄여 방음 성능을 향상시킵니다.
"공명형 흡음재가 마감재로 사용될 때, 그 기술적인 특성은 어떻게 작용하나요?","공명형 흡음재가 마감재로 사용될 때, 그 기술적인 특성은 주로 소리의 반사를 감소시키고 음향을 흡수하는 데에 작용합니다. 이러한 특성은 방 내부의 음향 환경을 개선하고 소음을 줄여주어 더 편안한 공간을 조성합니다. 또한 공명형 흡음재는 소리의 퍼지는 속도를 늦추어 음질을 개선하고 각종 잡음을 감소시킵니다."
왜 점토기를 사용하는 것보다 다른 마감재를 선택해야 하는 경우가 있을까요?,"점토기는 다양한 장점이 있지만, 다음과 같은 경우 다른 마감재를 선택해야 할 수 있습니다.

* **내구성:** 점토기는 다른 마감재보다 덜 내구적일 수 있습니다. 긁힘, 얼룩, 균열에 취약합니다.
* **수분:** 점토기는 다공성이 있어 수분을 흡수하기 쉽습니다. 이는 욕실이나 주방과 같은 다습한 환경에 적합하지 않을 수 있습니다.
* **위생:** 점토기는 세공이 있고 세척이 어려울 수 있습니다. 이는 병원이나 식품 취급 시설과 같은 위생이 중요한 지역에 적합하지 않을 수 있습니다.
* **미관:** 점토기는 전통적인 재료이지만, 더 현대적 또는 세련된 미관을 원하는 경우 다른 마감재가 더 적합할 수 있습니다.
* **비용:** 점토기는 다른 마감재보다 비쌀 수 있습니다. 특히 대규모 프로젝트의 경우 이는 중요한 고려 사항이 될 수 있습니다."
점토기를 사용하는 것이 다른 마감재보다 불리한 점은 무엇인가요?,점토기를 사용하는 것이 다른 마감재보다 불리한 점은 주로 내구성과 다양성에 있습니다. 점토기는 비교적 부드럽고 취약하여 표면이 손상되기 쉽습니다. 또한 다른 마감재에 비해 설치 및 유지보수가 더 어렵고 비용이 높을 수 있습니다. 또한 디자인 및 색상 옵션이 제한적이어서 선택 폭이 좁을 수 있습니다.
대나무 바닥재의 장단점에는 무엇이 있을까요?,"대나무 바닥재의 장점으로는 내구성, 친환경성, 고유한 미적 매력이 있습니다. 긁힘과 찌그러짐에 강하며, 지속 가능한 재료로 숲 파괴에 기여하지 않습니다. 독특한 목재 그레인과 자연스러운 변화가 있는 외관으로 공간에 따뜻함과 깊이를 더합니다.

반면 단점으로는 비용이 비쌀 수 있으며, 습기와 직사광선에 취약하여 컬링이나 변색될 수 있습니다. 또한 설치가 복잡하고, 정기적인 유지보수가 필요하여 표면에 시일이 지남에 따라 긁힘이나 찌그러짐이 생길 수 있습니다."
대나무 바닥재를 선택할 때 고려해야 할 사항은 무엇인가요?,"대나무 바닥재를 선택할 때 고려해야 할 사항은 주로 두 가지입니다. 첫째, 대나무의 특성과 내구성을 고려해야 합니다. 대나무는 튼튼하고 내구성이 있지만 습기에 민감하므로 적절한 방수 처리가 필요합니다. 둘째, 설치와 유지보수의 어려움을 고려해야 합니다. 대나무 바닥재는 전문 기술과 주기적인 관리가 필요하므로 이러한 측면을 고려해야 합니다."
콘크리트 마감재를 선택할 때 고려해야 할 요소는 무엇인가요?,"콘크리트 마감재를 선택할 때는 다음과 같은 요소를 고려해야 합니다.

- 내구성: 콘크리트 마감재는 내구성이 있어 수년 동안 사용할 수 있어야 합니다.
- 비용: 콘크리트 마감재는 비용 효율적이어야 하며, 예산에 맞아야 합니다.
- 설치 용이성: 콘크리트 마감재는 설치하기 쉽고, 시공 기간을 단축할 수 있어야 합니다.
- 미적 가치: 콘크리트 마감재는 미적으로 아름다워 건물에 아름다움을 더해주어야 합니다.
- 유지 관리 용이성: 콘크리트 마감재는 유지 관리하기 쉽고, 손상을 방지할 수 있어야 합니다."
콘크리트 마감재의 내구성을 높이기 위해 어떤 방법을 사용할 수 있나요?,"콘크리트 마감재의 내구성을 높이기 위해 다양한 방법이 있습니다. 먼저, 적절한 보호 코팅을 적용하여 콘크리트 표면을 보호할 수 있습니다. 또한, 표면을 균일하게 다듬고 방수 처리를 함으로써 수명을 연장할 수 있습니다. 또한, 적절한 혼합물과 강화재료를 사용하여 강도와 내구성을 향상시킬 수 있습니다."
세라믹 타일 바닥의 유지보수는 어떻게 해야 하나요? ,"* 세라믹 타일 바닥을 청소할 때는 중성 세제와 물을 사용하세요. 산성 또는 알칼리성 세제는 타일을 손상시킬 수 있습니다.
* 타일 바닥을 매일 청소하고 일주일에 한 번은 깊은 청소를 하세요. 깊은 청소를 위해서는 타일 클리너를 사용하세요.
* 타일 바닥을 긁지 않도록 부드러운 천이나 스펀지를 사용하세요.
* 타일 바닥이 젖으면 즉시 물기를 닦으세요. 물기가 남아 있으면 타일이 얼룩지거나 곰팡이가 생길 수 있습니다.
* 타일 바닥을 보호하기 위해 매년 밀봉제를 바르세요. 밀봉제는 타일을 얼룩과 흠집으로부터 보호하는 데 도움이 됩니다."
세라믹 타일 바닥의 유지보수를 위해 필요한 도구는 무엇인가요?,"세라믹 타일 바닥의 유지보수를 위해 필요한 도구는 주로 부드러운 빗자루, 중성 세제, 걸레, 스폰지 및 적당한 보호제입니다. 부드러운 빗자루로 먼지를 제거하고 중성 세제와 따뜻한 물을 사용하여 청소합니다. 걸레나 스폰지로 바닥을 닦고 깨끗하게 만든 후 적절한 보호제를 사용하여 세라믹 타일을 보호합니다."
전벽돌은 건물을 마감할 때 사용되는 재료인가요?,"네, 전벽돌은 건물을 마감할 때 사용되는 재료입니다."
전벽돌은 건물을 마감할 때 사용되는 재료 중 하나인가요?,"전벽돌은 건물을 마감하는 데 사용되는 주요 재료 중 하나입니다. 전벽돌은 건물의 외부를 장식하고 보호하는 데 사용되며, 내구성이 강하고 화재에 강한 특성을 가지고 있어 많은 건축 프로젝트에서 널리 사용됩니다."
외부 조경에 사용하기에는 점토벽돌의 단점이 무엇인가요?,점토벽돌은 다공질이기 때문에 쉽게 물기를 흡수합니다. 따라서 외부 조경에 사용할 경우 비바람에 노출되어 쉽게 침식되고 수명이 짧아집니다.
점토벽돌을 사용할 때 고려해야 할 주요 안전 사항은 무엇인가요?,"점토벽돌을 사용할 때 고려해야 할 주요 안전 사항은 첫째, 적절한 보호장비를 착용하는 것입니다. 벽돌 작업 시 안전모, 안전경, 그리고 장갑 등을 착용하여 안전을 유지해야 합니다. 둘째, 작업하는 공간의 안전을 확인해야 합니다. 벽돌이나 시멘트가 떨어지지 않도록 안전한 장비를 사용하고 작업 공간을 청소해야 합니다. 마지막으로, 작업 전에 적절한 훈련을 받고 안전 절차를 준수해야 합니다."
아스팔트 슁글은 건물의 외부나 지붕을 마감하는 데 사용되는 재료인가요?,아스팔트 슁글은 건물 외부나 지붕 마감 재료가 아닙니다. 아스팔트 슁글은 도로나 주차장 등의 노면 포장 재료로 사용됩니다.
아스팔트 슁글은 어떤 재료인가요?,"아스팔트 슁글은 유연한 아스팔트 막을 기반으로 한 재료입니다. 이것은 보통 유리섬유 또는 폴리에스터 산업용 천으로 보강됩니다. 아스팔트 슁글은 지붕의 방수층으로 사용되며, 특히 경사지붕에서 더 많이 사용됩니다."
알미늄페인트를 사용하여 벽을 칠하면 어떤 효과가 있나요?,"알미늄페인트는 빛을 반사하여 실내를 더 밝게 보이게 합니다. 또한, 알루미늄은 열을 차단하는 성질이 있어 여름철에 실내 온도를 낮추는 데 도움이 됩니다."
알미늄페인트가 벽면에 적합한 경우는 어떤 상황인가요?,알루미늄 페인트는 일반적으로 태양광을 반사하고 보호하는 데 사용됩니다. 따라서 외부 벽면이 강한 태양 조명을 받는 경우에 적합합니다. 또한 알루미늄 페인트는 금속 구조물의 부식을 방지하고 외부 벽면을 보호하는 데 효과적입니다.
마감재 중에서 가장 비싼 재료는 무엇인가요?,"가장 비싼 마감재는 자연석입니다. 자연석은 채석하여 가공하는데 비용이 많이 들고, 운송과 설치 비용도 비쌉니다. 또한 자연석은 수요가 많고 공급이 제한되어 가격이 높습니다."
마감재 중에 어떤 재료가 가장 돈이 많이 드나요?,마감재 중에서 가장 돈이 많이 드는 재료는 주로 천연 돌이나 고급 목재 등입니다. 이러한 재료들은 자원 획득과 가공에 비용이 많이 들기 때문에 비용이 높습니다. 특히 특별한 디자인이나 커스터마이징이 필요한 경우 더 많은 비용이 발생할 수 있습니다.
아이가 있는 집에서 마루와 더블레이드 강화 장판 중 어떤 바닥재가 미끄럼 방지와 안전에 더 좋은 옵션이 될까요?,더블레이드 강화 장판이 마루보다 미끄럼 방지와 안전에 더 좋습니다.
아이가 있는 집에서 마루와 더블레이드 강화 장판 중 어떤 바닥재가 미끄럼 방지와 안전에 더 좋은 선택일까요?,아이가 있는 집에서 더블레이드 강화 장판이 미끄럼 방지와 안전에 더 좋은 선택입니다. 더블레이드 강화 장판은 표면에 미끄럼 방지 처리가 되어 있어서 더 안전하고 견고한 표면을 제공합니다. 특히 아이가 뛰어놀거나 활동적인 경우에도 미끄러지지 않고 안정적으로 걸어다닐 수 있습니다.
금속 마감재를 사용할 때 발생할 수 있는 오염 및 부식의 위험이 어떻게 해결될 수 있나요?,"* 적절한 접지 및 절연을 통해 전기화학적 부식을 방지할 수 있습니다.
* 금속 표면을 정기적으로 관리하고 청소하여 오염을 방지할 수 있습니다.
* 부식 방지 코팅을 적용하여 금속 표면을 보호할 수 있습니다.
* 금속 표면에 보호 필름을 형성하여 부식을 방지할 수 있습니다."
금속 마감재의 오염 및 부식을 방지하기 위한 대안적인 솔루션은 무엇인가요?,"금속 마감재의 오염 및 부식을 방지하기 위한 대안적인 솔루션으로는 주로 부식 방지 처리나 적절한 코팅이 사용됩니다. 부식 방지 처리는 주로 아연 도금이나 열처리를 통해 수행되며, 이는 금속 표면을 보호하여 부식을 예방합니다. 또한 특수한 코팅을 사용하여 금속 표면을 보호하고 외부 요인으로부터 견고하게 만듭니다."
세라믹 타일은 건축 및 건축 인테리어에서 어떻게 사용되나요?,"세라믹 타일은 다양한 색상, 모양, 크기로 제공되어 주거, 상업 및 산업 건물의 벽, 바닥 및 기타 표면을 마감하는 데 사용됩니다. 또한 건축물의 외관을 장식하는 데에도 사용할 수 있습니다."
건축 및 인테리어 분야에서 세라믹 타일이 가장 많이 사용되는 용도는 무엇인가요?,"건축 및 인테리어 분야에서 세라믹 타일이 가장 많이 사용되는 용도는 바닥재와 벽면 장식입니다. 세라믹 타일은 그들의 내구성과 다양한 디자인으로 바닥재로 널리 사용되며, 주방, 욕실, 현관 등의 공간에 자주 사용됩니다. 또한 벽면에 장식적으로 사용되어 주택 및 상업적인 건축물의 외관을 꾸며줍니다."
완전히 왜 석고보드가 마감재로 많이 사용되는 것일까요?,"석고보드는 가볍고 저렴하며 설치가 용이합니다. 또한 방음, 방수, 내화 성능이 뛰어나며 다양한 색상과 질감으로 마감할 수 있습니다. 따라서 석고보드는 주거, 상업 및 산업 시설을 포함한 다양한 건축물의 마감재로 널리 사용됩니다."
석고보드를 마감재로 사용할 때의 장점은 무엇인가요?,석고보드를 마감재로 사용할 때의 장점은 주로 가벼움과 다재다능함에 있습니다. 석고보드는 가벼우면서도 강도가 뛰어나며 다양한 형태와 크기로 제공됩니다. 또한 쉽게 잘라서 모양을 변경할 수 있고 부착 및 설치가 간편하여 다양한 공간에 적용할 수 있습니다. 또한 석고보드는 소음과 열을 잘 흡수하여 공간의 편안함을 높이는 효과도 있습니다.
마감재 중 스타코플렉스의 가장 큰 장점은 무엇인가요?,스타코플렉스의 가장 큰 장점은 경량이고 유연하며 내구성이 뛰어나다는 것입니다. 또한 설치가 간편하고 다양한 색상과 패턴으로 제공되어 다양한 디자인에 사용할 수 있습니다.
스타코플렉스는 어떤 점에서 좋은가요?,"스타코플렉스는 내열성과 절연성이 뛰어나며 경량입니다. 이것은 건축물의 외부를 절연하고 보호하는 데 효과적이며, 내부 온도를 안정화시키는 역할을 합니다. 또한 스타코플렉스는 다양한 형태와 디자인으로 제공되어 다양한 건축 양식에 적용할 수 있습니다."
"마감재로 사용되는 크롬산아연페인트는 무엇이고, 어떤 특징을 가지고 있나요?","크롬산아연페인트는 부식에 강한 방청페인트의 일종입니다. 인성이 우수하고, 강인한 내구성, 내식성을 갖추고 있습니다. 건축 분야에서 철재 구조물, 배관, 탱크 등의 부식 방지에 널리 사용되며, 조선 산업, 차량 산업에서도 부식 방지용 프라이머로 사용됩니다."
"크롬산아연페인트의 제조과정은 어떻게 되며, 이를 사용하는 장점은 무엇인가요?",크롬산아연페인트는 주로 아연과 크롬산을 혼합하여 제조됩니다. 이 과정에서 아연의 부식 방지 특성과 크롬산의 보호 특성이 결합되어 강력한 부식 방지 효과를 얻게 됩니다. 이러한 페인트는 금속 표면을 효과적으로 보호하고 장기간 사용할 수 있도록 합니다. 또한 크롬산아연페인트는 환경에 친화적이며 안전한 표면 처리 솔루션으로 평가됩니다.
마감재 중 다공질을 사용하는 경우에 어떤 장점이 있나요?,"다공질 마감재의 장점:

* 내화성과 방염성이 우수하여 화재 시 연소가 억제되고 연기 발생량이 적습니다.
* 환경 친화적인 재료로, 재활용이 가능하고 생분해성이 있습니다.
* 열 단열 및 흡음 효과가 있어 에너지 효율을 높이고 소음을 줄여줍니다.
* 가볍고 취급이 쉬워 시공이 용이하며 다양한 형태로 가공이 가능합니다."
다공질을 사용하는 마감재가 다른 마감재와 어떻게 다른가요?,"다공질을 사용하는 마감재는 다른 마감재와 비교할 때 흡음 및 절연 특성이 뛰어나며, 표면이 튼튼하고 내구성이 강합니다. 또한 다공질은 공간 내부의 음향 환경을 개선하고 열 및 습기를 조절하는데 효과적입니다. 따라서 다공질을 사용하는 마감재는 편안하고 안정된 공간을 조성하는데 도움이 됩니다."
"평지붕은 건물의 지붕을 마감하는데 사용되는 재료인데, 그 종류와 특징에 대해 알려주세요.","평지붕의 종류는 콘크리트 평지붕, 아스팔트 평지붕, 금속 평지붕, 막재 평지붕 등이 있습니다. 콘크리트 평지붕은 강도가 높고 내구성이 뛰어나지만, 무겁고 시공비가 비쌉니다. 아스팔트 평지붕은 경량이고 시공이 간단하며 방수성이 우수하지만, 내구성이 떨어집니다. 금속 평지붕은 경량이고 내구성이 뛰어나지만, 방수성이 떨어지고 시공비가 비쌉니다. 막재 평지붕은 경량이고 시공이 간단하며 방수성이 우수하지만, 내구성이 떨어집니다."
평지붕에 대해 설명해줘,"평지붕은 지붕이 평평한 형태를 갖춘 건축물의 지붕입니다. 이러한 지붕은 경사가 거의 없거나 거의 없는 디자인을 가지고 있습니다. 주로 상업용 건물이나 산업용 건물에 사용되며, 태양광 패널이나 옥상 정원 등의 추가 시설을 설치하기에 적합합니다. 평지붕은 현대적이고 간결한 외관을 가지고 있으며, 공간을 효율적으로 활용할 수 있는 장점을 가지고 있습니다."
"
원목사이딩을 사용하는데 장점이 무엇이 있나요?","원목사이딩 사용의 장점은 다음과 같습니다.

* 내구성 우수
* 단열성 향상
* 미적 매력
* 환경 친화적
* 다양한 스타일 및 마감재 옵션"
원목사이딩은 어떤 점에서 좋은가요?,"원목 사이딩은 자연스러운 미적인 매력과 내구성을 가지고 있습니다. 이러한 사이딩은 건물에 자연스럽고 아름다운 외관을 부여하며, 다양한 디자인과 스타일에 적용할 수 있습니다. 또한 원목 사이딩은 절연 특성이 뛰어나고 내구성이 강하여 오랜 기간 사용할 수 있습니다. 이는 건물을 보호하고 외부 요소로부터 보다 효과적으로 보호하는 데 도움이 됩니다."
마감재인 남은 도배풀을 변기에 버려도 괜찮을까요? 해당 방법이 환경에 안 좋은 영향을 끼칠 수 있나요?,변기에 남은 도배풀을 버리면 환경에 나쁜 영향을 줄 수 있습니다. 도배풀은 화학 물질로 오염 물질을 포함하고 있습니다. 때문에 수질을 오염시키고 해양 생물에 피해를 줄 수 있습니다. 또한 도배풀은 하수도 시설을 손상시킬 수 있습니다.
도배풀을 변기에 버리면 어떤 문제가 발생할 수 있을까요? 해당 방법이 환경에 미치는 영향은 무엇인가요?,"도배풀은 변기에 버리면 하수관이 막힐 수 있습니다. 도배풀은 수분에 반응하여 팽창하고 응고하기 때문에 하수관 내부에 쌓여 덩어리를 형성할 수 있습니다. 이로 인해 배수가 원활하지 않아 변기가 막힐 수 있습니다. 또한 도배풀은 환경에 해로울 수 있으며 수질 오염의 주요 원인 중 하나입니다. 도배풀은 물 속에서 녹아들어 다양한 화학 물질을 방출할 수 있으며, 이는 자연 생태계에 해를 끼칠 수 있습니다."
폴리에스테르 흡음 단열재를 사용하는 것의 장점과 단점은 무엇인가요?,"폴리에스테르 흡음 단열재의 장단점은 다음과 같습니다.

장점:

* 가벼움
* 내구성
* 가연성 저항
* 뛰어난 흡음성
* 저렴함

단점:

* 습기에 취약
* 곰팡이 및 곰팡이 생장에 대한 민감성
* 낮은 방화 성능"
"폴리에스테르 흡음 단열재를 대체할 수 있는 다른 소재는 무엇이 있고, 그 특징은 무엇인가요?","폴리에스테르 흡음 단열재를 대체할 수 있는 다른 소재로는 주로 약품처리된 섬유, 셀룰로오스, 혹은 약품처리된 압축 목재 등이 있습니다. 이러한 소재들은 대체로 자연적이며 친환경적입니다. 또한 흡음 및 단열 특성이 뛰어나며 화학 물질을 최소화하여 실내 환경을 개선하는데 도움이 됩니다."
마감재 중 하나인 데코타일은 인테리어 디자인에서 어떤 역할을 하는가요?,"데코타일은 다양한 색상과 디자인으로 제공되는 인공적인 마감재로, 벽과 바닥을 장식하는 데 사용됩니다.

주방과 욕실과 같은 다습한 환경에서도 사용할 수 있으므로 인테리어 디자인에서 인기 있는 선택입니다."
인테리어 디자인에서 데코타일은 어떤 장점을 가지고 있나요?,"데코타일은 다양한 장점을 가지고 있습니다. 먼저, 다양한 디자인과 색상으로 제공되어 다양한 인테리어 스타일에 적용할 수 있습니다. 또한 설치가 간편하고 유지보수가 쉽습니다. 데코타일은 내구성이 뛰어나고 방수성이 있어 주방이나 욕실과 같은 습기가 많은 공간에 적합합니다. 또한 가격이 경쟁력 있어 예산에 부담을 주지 않으면서도 고품질의 디자인을 제공합니다."
온돌마루의 마감재로 사용되는 석재의 수명은 대략 얼마인가요?,"온돌마루의 마감재로 사용되는 석재의 수명은 주로 사용된 석재의 종류, 유지보수 정도, 사용 환경 등에 따라 다를 수 있습니다. 일반적으로 석재는 오랜 시간 동안 내구성이 뛰어나기 때문에 온돌마루의 마감재로 사용되는 석재도 오랜 기간 사용될 수 있습니다. 그러나 석재는 외부 환경의 영향을 받기 때문에 주기적인 유지보수가 필요할 수 있습니다. 따라서 적절한 관리와 보수가 이루어진다면 온돌마루의 석재 마감재는 수십 년 이상 사용될 수 있을 것으로 기대됩니다."
"온돌마루에 사용된 석재의 종류는 무엇이며, 그 특징은 무엇인가요?","온돌마루에 사용된 석재의 종류로는 대리석, 화강암, 혹은 석회암 등이 주로 사용됩니다. 이러한 석재들은 내구성이 뛰어나고 열 전도율이 우수하여 온돌 시스템의 열 전달에 효과적입니다. 또한 석재는 풍부한 색상과 질감을 가지고 있어 다양한 디자인에 적용할 수 있습니다."
마감재로 데코타일을 사용할 때 발생할 수 있는 부수적인 효과는 무엇인가요?,"마감재로 데코타일을 사용할 때 부수적으로 기대할 수 있는 효과로는 다음과 같은 것들이 있습니다.

* 방음 및 단열성 향상
* 습기 및 화재에 대한 저항성 향상
* 적절한 시공을 통해 건물의 수명 연장"
데코타일을 사용하는 것이 마감재로 어떤 장점을 가지고 있나요?,데코타일은 다양한 디자인과 색상 옵션으로 제공되어 다양한 인테리어 스타일에 적용할 수 있습니다. 또한 설치가 간편하고 유지보수가 용이합니다. 내구성이 뛰어나고 방수성이 있어 주방이나 욕실과 같은 습기가 많은 공간에 적합합니다. 또한 경제적이며 예산에 부담을 주지 않으면서도 고품질의 디자인을 제공합니다.
"마감재 중에서 방염벽지는 어떤 재질로 만들어지고, 어떤 공간에 주로 사용되는지 궁금합니다.","방염벽지는 화재 시 연소를 억제하거나 연기를 방출하지 않는 특수한 재질로 만들어진 벽지입니다. 주로 병원, 학교, 공공 건물, 지하철역 등 화재 발생 시 많은 사람들이 있는 공간에 사용됩니다."
"방염벽지의 재료는 무엇이며, 방염벽지가 주로 사용되는 장소는 어디인가요?","방염벽지는 일반적으로 화재에 견고한 섬유소재로 만들어집니다. 이러한 섬유소재로는 유리섬유, 폴리에스터, 혹은 천연 섬유가 사용될 수 있습니다. 방염벽지는 주로 화재 위험이 높은 공간이나 시설에서 사용됩니다. 예를 들어 호텔, 극장, 병원, 상업 시설 등에서 화재 안전을 강화하기 위해 널리 사용됩니다."
마감재 중에서 노출콘크리트의 사용시 발생하는 문제는 무엇인가요?,"노출콘크리트 사용 시 발생하는 문제는 다음과 같습니다.

* 균열 발생 가능성 증가
* 표면 결함 발생 가능성 증가
* 시공 및 유지관리가 어려움
* 비용 증가"
노출콘크리트의 마감재로 사용되는 소재 중에서 가장 효과적인 것은 무엇인가요?,노출콘크리트의 마감재로 가장 효과적인 소재는 주로 콘크리트 및 콘크리트 관련 제품입니다. 이는 콘크리트 자체가 강하고 내구성이 있으며 다양한 디자인 및 마감 효과를 제공할 수 있기 때문입니다. 또한 콘크리트는 화재에 대한 저항성이 강하고 유지보수가 적게 필요하여 건축물의 지속 가능성을 향상시킵니다.
마감재로 인한 공간 내 색상 변화와 조명 변화에 대한 영향은 무엇인가요?,"마감재 색상은 조명 하에서 달라 보입니다. 어두운 색상은 공간을 더 작고 답답하게 보이게 하고, 밝은 색상은 공간을 더 넓고 통풍이 잘 되게 보이게 합니다. 반사율이 높은 마감재는 자연광과 인공광을 더 많이 반사하여 공간을 더 밝게 만들 수 있습니다."
마감재의 색상 선택은 공간 내 조명 환경에 어떤 영향을 미치나요?,"마감재의 색상 선택은 공간 내 조명 환경에 큰 영향을 미칩니다. 밝은 조명 아래에서는 색상이 보다 선명하게 보이고 더 밝게 나타날 수 있습니다. 따라서 어두운 공간에는 밝은 색상의 마감재가 사용되어야 하며, 밝은 공간에는 색감이 균형있고 조화로운 마감재가 선택되어야 합니다. 또한 조명의 온도와 색상 영향을 고려하여 적절한 색상을 선택하는 것이 중요합니다."
완전히 마감재 중에서 건물 내부와 외부에 사용되는 단열재의 종류에는 무엇이 있나요?,"건물 내부와 외부에 사용되는 단열재의 종류에는 다음과 같습니다.

* 유리섬유 단열재
* 셀룰로오스 단열재
* 폴리스티렌 단열재
* 우레탄 단열재
* 페놀폼 단열재"
건물 내부와 외부에 사용되는 단열재의 종류 중에서 가장 효율적인 것은 무엇인가요?,건물 내부와 외부에 사용되는 단열재 중에서 가장 효율적인 것은 주로 폴리우레탄 발포 단열재입니다. 이러한 단열재는 우수한 단열 특성을 가지고 있어 열 전달을 방지하고 에너지 효율성을 향상시킵니다. 또한 경량이며 설치가 쉬우며 다양한 형태와 두께로 제공되어 다양한 건축 구조에 적용할 수 있습니다.
"마감재 중 하나로 사용되는 페인트는 무엇이며, 그것은 어떻게 사용되고 있나요?","페인트는 건축물 내외부를 장식하거나 보호하기 위해 사용되는 마감재입니다. 주로 아크릴, 유성, 수성 등의 종류로 구분되며, 각각 다른 특성과 용도를 가지고 있습니다. 페인트는 브러시, 롤러, 스프레이 등을 사용하여 표면에 도포할 수 있으며, 건조 후에는 보호막을 형성하여 표면을 보호하고 장식적인 효과를 냅니다."
"페인트의 주요 성분은 무엇이며, 그것은 제품의 품질에 어떤 영향을 미치나요?","페인트의 주요 성분은 보통 피그먼트, 바인더, 용매, 및 첨가제로 구성됩니다. 피그먼트는 색상과 덮개력을 결정하고, 바인더는 페인트를 표면에 고정시키는 역할을 합니다. 용매는 페인트의 흐름성과 건조 속도를 조절하며, 첨가제는 특정 속성을 개선하거나 보호합니다. 이러한 성분들은 페인트의 품질에 직접적인 영향을 미치며, 적절한 조화와 밸런스가 제품의 내구성, 부착력, 색상 유지, 및 환경 친화성 등을 결정합니다."
질석벽지의 장점과 단점은 무엇인가요?,"질석벽지의 장점과 단점은 다음과 같습니다.

장점:

* 단열 및 방음 성능이 우수하여 에너지 절약에 효과적입니다.
* 벽의 균열을 가려주고, 수분을 조절하여 실내 공기를 쾌적하게 유지합니다.

단점:

* 가격이 비쌀 수 있습니다.
* 설치 및 관리가 어려울 수 있습니다."
질석벽지의 좋은점과 나쁜점은 무엇인가요?,"질석벽지의 좋은 점은 우아하고 자연스러운 외관을 제공하며 내구성이 뛰어나고 유지보수가 적은 것입니다. 또한 다양한 디자인과 색상이 제공되어 다양한 스타일의 건축물에 적용할 수 있습니다. 그러나 나쁜 점은 비용이 비싸고 설치가 어렵다는 것입니다. 또한 일부 종류의 질석은 표면이 투명한 물질에 의해 손상될 수 있고, 일부 경우에는 추가 지원 구조가 필요할 수 있습니다."
외부 요인에 따라 탄화목의 기대수명이 어떻게 변화하나요?,"외부 요인에 따라 탄화목의 기대수명은 변화합니다. 습도가 높을수록 탄화목의 수명은 짧아지고, 건조할수록 수명은 길어집니다. 또한, 자외선에 노출되면 탄화목의 수명이 단축되고, 직사광선을 피하면 수명이 길어집니다."
탄화목의 기대수명은?,"탄화목의 기대수명은 일반적으로 다른 나무보다 길 수 있습니다. 잘 관리된다면, 탄화목은 수십 년 이상 지속될 수 있습니다. 그러나 환경적 요소 및 사용 조건에 따라 기대수명이 달라질 수 있습니다. 일반적으로 탄화목은 부식 및 곰팡이에 대한 내성이 뛰어나기 때문에 오랜 기간 사용될 수 있습니다."
석고보드를 사용할 때 어떤 문제가 발생할 수 있나요?,"석고보드를 사용 시 발생 가능한 문제:

* 습기로 인한 곰팡이 발생
* 내화성 저하
* 조인트 균열 또는 폭행
* 표면 긁힘 또는 움푹 들어감
* 구조적 손상 (지지력 부족)"
석고보드의 사용으로 인해 발생할 수 있는 안전 문제는 무엇인가요?,"석고보드의 사용으로 인한 안전 문제는 주로 화재 위험 및 건강 문제에 관련됩니다. 석고보드는 가연성이 있어 화재 발생 시 빠르게 불이 붙을 수 있으며, 그로 인한 화재 확산이 우려됩니다. 또한 석고보드의 제작 과정에서 발생하는 건강 유해 물질이나 가스도 건강에 영향을 줄 수 있습니다. 그러나 적절한 사용 및 처리로 이러한 위험을 최소화할 수 있습니다."
천장에 사용되는 재료 중에서 실내 흡연으로 인해 변색이 가장 적은 재료는 무엇일까요?,"흡연으로 인한 변색을 막기 위해서는 천장 재료 선택이 중요합니다. 변색이 가장 적은 재료는 다음과 같습니다.

* 페인팅 처리된 석고보드: 페인팅 처리가 되어 있어 변색을 방지할 수 있습니다.
* 금속판: 변색에 강하고 쉽게 청소할 수 있습니다.
* 유리섬유 천장 타일: 변색에 강하고 방습성이 우수합니다.
* 아크릴 천장 타일: 변색에 강하고 경량으로 설치가 쉽습니다."
실내 환경에서 가장 오랜 시간 변색이 없는 천장 재료는 무엇인가요?,실내 환경에서 오랜 시간 변색이 없는 천장 재료로는 주로 아크릴 페인트가 사용됩니다. 아크릴 페인트는 자외선 및 습기에 강하고 내구성이 뛰어나며 색상 변화가 적은 특징을 가지고 있어 천장의 변색을 방지할 수 있습니다. 또한 다양한 색상과 마무리 옵션을 제공하여 다양한 인테리어 스타일에 적용할 수 있습니다.
점토기의 장점과 단점은 무엇인가요?,"점토기의 장점:

* 내화성이 뛰어나 불에 강함
* 보온성과 단열성이 좋음
* 가격이 저렴함
* 환경친화적임

점토기의 단점:

* 흡수성이 있어 물과 먼지가 쉽게 스며듦
* 무겁고 부서지기 쉬움
* 시간이 지날수록 색깔이 바래거나 변색될 수 있음"
점토기를 만들 때 주로 사용되는 재료는 무엇인가요?,"점토기를 만들 때 주로 사용되는 재료는 점토입니다. 점토는 지구의 토양에서 채취되며, 형태를 만들고 덩어리를 형성하는 데 사용됩니다. 이후 점토는 가마솥에서 가열되어 속성이 변하고 단단해지는 과정을 거칩니다. 점토는 수천 년 동안 사람들이 도자기 및 도예 작품을 만드는 데 사용해온 전통적인 재료 중 하나입니다."
노출콘크리트의 장점과 단점은 무엇인가요?,"노출콘크리트는 건축물의 구조와 마감을 동시에 담당하는 재료로, 콘크리트의 본연의 질감을 살린 채로 사용하는 방식입니다.

장점:

1. 내구성이 높아 오래도록 사용할 수 있습니다.
2. 화재에 강하고 방음성이 우수합니다.
3. 콘크리트의 본연의 질감을 살릴 수 있어 독특한 미학적 효과를 낼 수 있습니다.
4. 시공이 간단하고 경제적입니다.

단점:

1. 표면이 거칠어 청소가 어렵습니다.
2. 균열이 발생할 수 있으며, 수리하기 어렵습니다.
3. 열을 잘 전달하여 여름에는 더운 느낌을 줄 수 있습니다.
4. 콘크리트의 본연의 색상이 어둡기 때문에 채광이 어려울 수 있습니다."
노출콘크리트는 어떤 점에서 좋고 어떤 점에서 안 좋은가요?,"노출콘크리트는 강도와 내구성이 뛰어나며 오랜 기간 동안 지속되는 장점이 있습니다. 또한 시각적으로 독특하고 현대적인 외관을 제공하여 건축물의 미학적 가치를 높일 수 있습니다. 그러나 표면 처리를 하지 않으면 콘크리트의 다양한 결점이 드러날 수 있으며, 특히 환경에 따라 수축이나 균열이 발생할 수 있습니다. 또한 표면이 부드럽지 않아 소음이 발생하고 먼지가 쉽게 쌓일 수 있는 단점도 있습니다."
다공질 흡음재를 선택할 때 고려해야 할 요소는 무엇인가요?,"다공질 흡음재 선택 시 고려할 요소:

* 흡음성능: 주파수 대역에 따른 흡음률을 확인해야 합니다.
* 방화성능: 건축물의 내화성능을 충족해야 합니다.
* 환경 친화성: 재활용이 가능하고 VOC 배출이 적은 제품을 선택해야 합니다.
* 가격: 예산에 맞는 제품을 선택해야 합니다."
다공질 흡음재의 장점과 단점은 무엇인가요?,"다공질 흡음재의 주요 장점은 소음을 흡수하고 감소시키는 능력이 있습니다. 또한 경량이며 설치가 간편하며 다양한 형태와 디자인으로 제공되어 다양한 환경에 적용할 수 있습니다. 그러나 단점으로는 가격이 비교적 높을 수 있고, 일부 제품은 먼지나 알레르기 유발 물질을 방출할 수 있어 사용 시 주의가 필요합니다. 또한 일부 제품은 내구성이 낮아서 자주 교체해야 할 수 있습니다."
방청 페인트를 사용하는 주된 이유는 무엇인가요?,방청 페인트의 주요 목적은 불이 나면 방화 구조물에 있는 화재를 억제하는 것입니다. 이는 페인트에 함유된 팽창제가 열에 의해 팽창하여 두꺼운 단열층을 형성하여 불의 확산을 방지하기 때문입니다.
방청 페인트가 다른 페인트와 다른 점은 무엇인가요?,"방청 페인트는 다른 페인트와 비교하여 특별한 방수 및 방법청 보호 기능을 갖추고 있습니다. 이는 주로 습기가 많은 환경에서 사용되며, 벽면을 수분으로부터 보호하고 성능을 향상시킵니다. 또한 방청 페인트는 표면에 부착력이 강하고 내구성이 뛰어나며 균일한 마감을 제공하는 특징을 가지고 있습니다. 이러한 속성은 주로 욕실이나 주방과 같은 고습 및 주기적인 청소가 필요한 공간에서 사용됩니다."
대리석 벽지의 내구성에 어떤 장점이 있나요?,"대리석 벽지는 내구성이 뛰어나 다음과 같은 장점이 있습니다.

* 마모 및 긁힘에 강함
* 변색 및 얼룩에 강함
* 습기 및 곰팡이에 강함
* 화학 물질 및 세척제에 내성 있음"
대리석 벽지가 다른 재료와 비교했을 때 어떤 특징을 가지고 있나요?,"대리석 벽지는 다른 재료들과 비교했을 때 독특한 우아함과 고급스러움을 자랑합니다. 이것은 그 표면의 부드러움과 윤기로운 질감에 기인합니다. 또한, 대리석은 자연스러운 모습과 고유한 무늬로 공간에 풍부한 텍스처를 부여하여 전통적이고 세련된 분위기를 조성합니다."
테라죠 마감재의 내구성은 얼마나 될까요?,테라조 마감재는 일반적으로 높은 내구성을 지니며 수년 동안 사용할 수 있습니다. 적절한 관리와 유지보수를 통해 테라조 마감재의 수명을 더욱 연장할 수 있습니다.
테라죠 마감재는 어떤 환경에서 가장 효과적으로 사용할 수 있나요?,"테라죠 마감재는 실내 및 실외 공간 모두에 적합합니다. 주로 주택, 상업 시설, 공공 건물에서 사용되며 내구성과 유지보수 편의성이 필요한 곳에 특히 효과적입니다. 또한, 환경에 친화적이고 내구성이 뛰어나기 때문에 다양한 기후 조건에서 사용할 수 있습니다."
노출 콘크리트의 장점은 무엇인가요?,"노출 콘크리트의 장점:

* 내구성이 뛰어나고 수명이 길다.
* 화재에 강하다.
* 단열 및 방음 성능이 좋다.
* 의장재 비용을 절감할 수 있다.
* 다양한 표면 처리가 가능하여 디자인의 자유도가 높다."
노출 콘크리트를 사용할 때 고려해야 할 주요 사항은 무엇인가요?,"노출 콘크리트를 사용할 때 주의할 점은 환경 요인에 대한 강도와 내구성, 디자인의 일관성 등이 있습니다. 먼저, 콘크리트의 표면이 노출되는 환경에서는 내구성을 고려해야 합니다. 또한, 적절한 형태의 보호나 밀봉을 통해 장기적인 유지보수를 고려해야 합니다. 마지막으로, 디자인적 요소와의 조화를 위해 콘크리트 표면의 마감과 색상을 신중하게 선택해야 합니다."
"합지벽지의 교체를 결정하는 요인은 무엇이 있고, 교체 시기를 결정하는 방법에는 어떤 것들이 있을까요?"," 합지벽지 교체 결정 요인 및 교체 시기

 교체 결정 요인:
 - 마모 및 손상: 벽지에 찢어짐, 벗겨짐, 얼룩 등 손상이 있는 경우
 - 습기 및 곰팡이: 벽지에 곰팡이가 생기거나 습기가 쌓여 훼손된 경우
 - 색상 및 스타일 변경: 개인 취향에 따라 색상 및 스타일을 변경하고 싶은 경우

 교체 시기 결정 방법:
 - 정기점검: 벽지를 정기적으로 점검하여 손상이나 곰팡이 발생을 확인
 - 교체 기간 설정: 벽지의 일반적인 수명을 고려하여 교체 기간을 설정
 - 전문가 의견 상담: 벽지 교체에 대한 전문가의 의견을 참고"
"합지벽지의 교체 주기를 결정하는 주요 요인은 무엇이 있으며, 교체 시기를 예측하는 방법에는 어떤 것들이 있는지 알려주세요.","합지벽지의 교체 주기를 결정하는 중요한 요소는 주택의 위치, 날씨 조건, 사용된 재료의 품질 등입니다. 낮은 품질의 재료나 부적절한 설치는 교체 주기를 단축시킬 수 있습니다. 교체 시기를 예측하는 방법으로는 벽지의 파손 정도, 변색, 부식 정도 등을 정기적으로 검토하여 상태를 평가하고, 전문가의 조언을 듣는 것이 좋습니다."
"마감재로 사용되는 스타코플렉스의 재료는 무엇이며, 어떤 특징을 가지고 있나요?","스타코플렉스의 재료는 스테인리스 스틸이며, 부식에 강하고 내구성이 우수하며, 열에 의한 변형이 적고, 시공이 쉽고, 미관상으로 뛰어납니다."
스타코플렉스가 마감재로 사용되는 이유는 무엇인가요? 그 특징은 무엇인가요?,스타코플렉스가 선택되는 이유는 다양한 특성을 갖추고 있기 때문입니다. 이 재료는 경량이며 내구성이 뛰어나며 방수성이 높습니다. 또한 형태와 색상이 다양하여 디자인의 자유도가 높으며 설치가 간편합니다. 특히 외부 환경에서 사용되는 경우 내부 온도를 일정하게 유지할 수 있고 외부 소음을 줄여주는 등의 기능을 제공합니다.
어떤 식으로 하면 마감재로서의 금속기의 단점을 최소화할 수 있을까?,"금속기의 단점을 최소화하기 위해서는 다음과 같은 방법을 사용할 수 있습니다.

* 금속기의 표면에 보호 코팅을 하는 것
* 금속기와 다른 재료를 결합하여 사용하는 것
* 금속기의 두께를 얇게 하는 것
* 금속기의 모양을 변화시켜서 부식을 방지하는 것"
금속기의 단점을 어떻게 하면 마감재로 최소화 시킬 수 있을까요?,"금속 기재의 단점을 최소화하려면 적절한 마감재를 선택하는 것이 중요합니다. 예를 들어, 금속 표면에는 부식이 발생할 수 있으므로 부식 저항성이 뛰어난 마감재를 선택해야 합니다. 또한, 금속의 열 전도성을 고려하여 절연재를 사용하여 열전달을 최소화할 수 있습니다. 이러한 조치를 통해 금속 기재의 단점을 최소화할 수 있습니다."
단열벽지를 선택할 때 고려해야 할 주요 요소는 무엇이 있나요?,"단열벽지를 선택할 때 고려해야 할 주요 요소는 다음과 같습니다.

1. 단열성: 벽지의 단열성은 난방이나 냉방 시 에너지 소모를 줄여줍니다.
2. 소음 차단성: 벽지의 소음 차단성은 주변 소음을 줄여줍니다.
3. 방습성: 벽지의 방습성은 습기를 차단하여 곰팡이 발생을 예방합니다.
4. 내구성: 벽지의 내구성은 쉽게 찢어지거나 벗겨지지 않습니다.
5. 화재 안전성: 벽지의 화재 안전성은 불이 붙기 어렵고 화재 시 연기를 내지 않습니다."
"단열벽지의 장점은 무엇이 있고, 어떤 상황에서 효과적으로 사용할 수 있나요?","단열벽지의 주요 장점은 열 전도성을 낮추어 에너지 효율을 향상시키고, 내부 온도를 안정화시키는 것입니다. 이는 절약된 에너지 및 편안한 실내 환경을 제공합니다. 주택 또는 상업용 건물에서 외부 온도 변화에 민감한 경우에 특히 효과적입니다. 겨울철의 추운 기온이나 여름철의 더운 기온에서 내부 온도를 조절하는 데 도움이 됩니다."
금속기를 사용하는 장점은 무엇인가요? 마감재 카테고리에서 어떤 점이 돋보이나요?,"금속기를 사용하는 장점은 여러 가지가 있습니다. 먼저, 금속은 강도가 뛰어나고 내구성이 높아서 건축물의 구조물로 사용될 때 안정성을 보장합니다. 또한, 금속은 가벼우면서도 강한 재료이기 때문에 건축물의 설계에 자유로움을 제공합니다. 또한, 금속은 화재에 강하고 부식이 적은 특성을 가지고 있어서 장기적으로 유지보수 비용을 절감할 수 있습니다. 또한, 금속은 재활용이 가능하므로 친환경적이며 지속 가능한 건축에 기여할 수 있습니다. 이러한 장점들로 인해 금속기는 다양한 건축 프로젝트에서 널리 사용되고 있습니다."
금속기를 사용하는 이유는 무엇인가요? 마감재 카테고리에서 금속기가 다른 재료와 어떻게 다른가요?,"금속 기재는 강도와 내구성이 뛰어나며 다양한 디자인 옵션을 제공하여 인기가 있습니다. 마감재 카테고리에서 금속 기재는 다른 재료와는 달리 뛰어난 부식 저항성과 화재 내성을 가지며, 특히 현대적이고 산업적인 느낌을 주는 특징이 있습니다. 또한 금속은 재활용이 가능하고 유지보수가 비교적 간단하여 지속 가능한 건축에 이상적입니다."
왜 전벽돌은 마감재로 사용하기에 이상적인 재료인가요?,"전벽돌은 마감재로 사용하기에 이상적인 재료입니다. 왜냐하면,

1. 내구성이 뛰어나고,
2. 화재에 강하고,
3. 방음 및 단열 성능이 우수하며,
4. 다양한 색상과 질감으로 구성할 수 있기 때문입니다."
전벽돌이 외벽 재료로 인기 있는 이유는 무엇인가요?,"전벽돌은 다양한 이유로 외벽 재료로 많이 선택됩니다. 먼저, 전벽돌은 탁월한 내구성과 저유지보수성을 제공하여 건물을 오랫동안 보호할 수 있습니다. 또한 전벽돌은 다양한 색상과 질감으로 다양한 디자인을 구현할 수 있어 시각적인 매력을 높일 수 있습니다. 또한 환경 친화적이며, 단열성과 소음 차단 효과도 뛰어납니다."
PVC 바닥재를 선택할 때 고려해야 할 중요한 요소는 무엇인가요?,"PVC 바닥재를 선택할 때 고려해야 할 중요한 요소:

- 내구성: 교통량, 가구, 애완동물이 있는 경우 내구성 있는 바닥재를 선택하세요.
- 방수성: 욕실이나 주방과 같이 수분이 많은 공간에 적합한 방수 바닥재를 선택하세요.
- 미끄럼방지: 안전을 위해 미끄럼방지 코팅이 있는 바닥재를 선택하세요.
- 유지보수 용이성: 청소와 유지보수가 용이한 바닥재를 선택하면 비용과 시간을 절약할 수 있습니다.
- 외관: 바닥재의 색상, 패턴, 질감을 공간의 스타일과 조화되게 선택하세요."
pcv 바닥재의 장점과 단점을 알려주세요,"PCV 바닥재는 내구성이 뛰어나며 저렴한 가격으로 구할 수 있어 경제적입니다. 또한 방수성이 높고 유지보수가 쉽습니다. 그러나 PCV 바닥재는 열에 노출되면 변형될 수 있고, 햇볕에 오래 노출되면 색상이 변할 수 있습니다. 또한 일부 제품은 화학물질을 발산하여 실내 공기 질을 저하시킬 수 있습니다."
마감재로 사용되는 알루미늄징크의 특징과 장점은 무엇인가요?,알루미늄징크는 내식성이 뛰어나고 가볍고 경제적이며 다양한 색상과 마감으로 제공됩니다. 또한 알루미늄징크는 화재에 강하고 재활용 가능하며 환경 친화적입니다.
알루미늄징크가 마감재로 사용되는 이유는 무엇인가요?,알루미늄 징크는 경량이면서도 내구성이 뛰어나기 때문에 건축 분야에서 인기가 있습니다. 또한 부식에 강하고 화재에도 견고하여 안전성이 높습니다. 그리고 낮은 유지보수 요구와 장기적인 비용 효율성도 제공합니다. 특히 외부 환경에서의 긴 수명과 함께 다양한 디자인 옵션을 제공하여 건축물의 시각적인 매력을 높일 수 있습니다.
"새로운 질문:
시멘트 바닥 마감재의 장점은 무엇인가요?","시멘트 바닥 마감재의 장점은 다음과 같습니다.

* 내구성이 강합니다.
* 화재에 강합니다.
* 쉽게 청소할 수 있습니다.
* 다양한 색상과 패턴으로 마감할 수 있습니다."
시멘트 바닥 마감재를 선택하는 이유는 무엇인가요?,시멘트 바닥 마감재는 강도가 뛰어나며 내구성이 높아 건물 내부나 외부에서 널리 사용됩니다. 또한 다양한 디자인 옵션을 제공하며 친환경적이고 저렴한 가격으로 구할 수 있어 인기가 있습니다. 시멘트는 물과 혼합하여 다양한 형태로 주형할 수 있어 사용자의 요구에 맞춰 다양한 스타일로 마감할 수 있습니다. 그리고 시멘트 바닥은 쉽게 관리하고 청소할 수 있어 유지보수가 간편합니다.
"인테리어 디자인에서 가장 인기 있는 마감재는 무엇이며, 그 이유는 무엇인가요?","인테리어 디자인에서 가장 인기 있는 마감재는 무엇이며 그 이유는 무엇인가요?

* **응용성이 다양하고 다양한 스타일과 어울릴 수 있기 때문에 인기가 많습니다.**
* **내구성이 강하고 손상에 강합니다.**
* **청소와 유지 관리가 용이합니다.**
* **경제적이고 저렴합니다.**"
"인테리어 디자인에서 가장 많이 활용되는 색상은 무엇이며, 그 효과는 무엇인가요?","인테리어 디자인에서 가장 많이 활용되는 색상은 중립적인 톤인 회색과 베이지입니다. 이들은 고급스러운 분위기를 조성하고, 공간을 밝고 넓게 보이게 만들며, 다양한 컬러와 잘 어울려 조화로운 인테리어를 완성합니다. 회색과 베이지는 다른 색상과 쉽게 조합되어 다양한 스타일의 인테리어에 적용할 수 있어 인기가 높습니다."
마감재 중에서 환경에 미치는 영향이 가장 적은 것은 무엇인가요?,환경 부담이 적고 재활용이 가능하며 생산 시 에너지 소비가 적은 마감재가 적합합니다.
환경 보호를 위해 마감재를 선택할 때 고려해야 하는 요소는 무엇인가요?,"환경 보호를 위해 마감재를 선택할 때 고려해야 하는 요소는 재생 가능한 자원 사용, 에너지 효율성, 환경 친화적 생산 과정 등입니다. 또한 재활용 가능성과 내구성도 고려해야 합니다. 이러한 요소들은 지속 가능한 건축 및 환경 보호에 기여하며, 적합한 선택은 환경 부담을 줄이고 생태계에 긍정적인 영향을 미칠 수 있습니다."
에나멜 계열 페인트는 왜 사용하나요?,"에나멜 페인트는 광택, 내구성, 건조 속도, 방수성 등 다양한 장점을 가지고 있어 주로 사용합니다. 특히, 금속 및 목재 표면에 적합하고 색상의 다양성이 높아 다양한 장소에서 사용합니다."
에나멜 계열 페인트의 장점을 알려주세요,"에나멜 계열 페인트의 주요 장점은 뛰어난 내구성과 광택이 있습니다. 이러한 특성으로 인해 표면을 보호하고, 세척이 용이하며 긴 수명을 가집니다. 또한 에나멜 페인트는 강력한 부착력을 가지고 있어 다양한 표면에 적용할 수 있습니다. 마감재로 사용될 때 우수한 마감 효과를 제공하여 시각적으로 매력적인 결과물을 얻을 수 있습니다."
알러지 있는 사람들을 위한 안전한 마감재는 무엇인가요?,"안전한 마감재 선택은 알레르기 증상을 줄이는 데 중요합니다. 저자극성 마감재를 사용하여 알레르기 유발 물질을 최소화하는 것이 좋습니다. 또한, 방수 마감재를 선택하여 곰팡이와 먼지 진드기의 번식을 방지하는 것이 도움이 됩니다."
알러지 있는 사람들을 위한 안전한 마감재의 주요 성분은 무엇인가요?,알러지 있는 사람들을 위한 안전한 마감재의 주요 성분은 낮은 VOC(휘발성 유기 화합물) 함유량을 가진 자연 친화적 재료입니다. 이는 화학 물질을 최소화하여 알레르기 반응을 줄이고 건강한 실내 환경을 유지합니다. 주로 천연 원료로 만들어진 무독성 페인트나 친환경적인 나무 마감재 등이 사용될 수 있습니다.
페인트의 종류와 성분에 따라 어떤 마감재를 사용해야 하는지 알려주실 수 있나요?,"페인트 종류와 성분에 따른 마감재 선택

**수성 페인트**

* 마감재:
    * 아크릴 마감재
    * 라텍스 마감재

**유성 페인트**

* 마감재:
    * 알키드 마감재
    * 우레탄 마감재

**에폭시 페인트**

* 마감재:
    * 폴리우레탄 마감재
    * 에폭시 마감재

**우레탄 페인트**

* 마감재:
    * 폴리우레탄 마감재"
다양한 페인트 종류 중에서 내부 벽면에 사용하기 적합한 마감재는 무엇인가요?,"내부 벽면에 사용하기 적합한 마감재로는 아크릴 페인트가 일반적으로 좋습니다. 아크릴 페인트는 내구성이 뛰어나고 세정이 용이하여 벽면에 적합합니다. 또한 건강에 해로운 물질을 포함하지 않고 친환경적이며, 다양한 색상과 광택을 제공하여 내부 공간을 아름답게 마무리할 수 있습니다."
점토벽돌은 건물 건축에 어떻게 사용되고 있나요?,"점토벽돌은 건물 건축에 있어서 중요한 재료로 사용되고 있습니다. 점토벽돌을 사용하면 단열, 방음, 방습 등의 효과를 얻을 수 있으며, 건물의 내구성을 높일 수 있습니다. 또한 점토벽돌은 친환경적이며 재활용이 가능한 재료로, 건축 자재로서 널리 사용되고 있습니다."
"점토벽돌의 장점은 무엇이 있고, 어떤 건축물에 주로 활용되나요?","점토벽돌은 자연 소재로 만들어져 환경 친화적이고 내열성이 뛰어나며, 건축물의 내부 온도와 습도를 안정화시키는 데 도움이 됩니다. 또한 소리를 흡수하여 소음을 줄이고, 건축물의 외관을 아름답게 꾸며줍니다. 이러한 특성으로 주택, 상업 시설, 문화 시설 등 다양한 건축물에 사용됩니다."
왜 실크벽지를 선택하는 것이 좋은가요? 실크벽지는 다른 마감재와 비교하여 어떤 장점을 가지고 있나요?,"실크 벽지는 고급스러운 질감, 내구성, 방음성 및 방화성으로 인해 높은 인기를 끌고 있습니다. 또한 실크는 천연 소재로 제작되어 친환경적이며 독성 물질을 방출하지 않습니다. 색상과 패턴의 다양한 옵션을 제공하여 다양한 디자인 스타일을 보완할 수 있습니다."
실크벽지의 장점 중 가장 큰 특징은 무엇인가요? 실크벽지를 선택함으로써 어떤 부분에서 혜택을 받을 수 있을까요?,"실크벽지의 주요 특징은 우아하고 부드러운 질감으로, 고급스러운 분위기를 연출할 수 있다는 점입니다. 실크벽지를 선택하면 공간에 고급스러움과 따뜻한 느낌을 부여할 수 있으며, 색상과 광택의 다양성으로 인테리어 디자인에 창의성을 더할 수 있습니다. 또한 실크벽지는 내구성이 뛰어나고 세척이 용이하여 유지보수가 간편하며, 방음 및 보온 효과도 기대할 수 있습니다."
목재 바닥재의 유지보수 방법은 무엇인가요? (카테고리: 마감재),"목재 바닥재 유지보수 방법:

* 정기적인 청소: 진공청소기를 사용하여 먼지와 이물질 제거
* 물기 제거: 젖은 얼룩은 즉시 깨끗한 천으로 닦아내기
* 광택 유지: 목재 오일 또는 밀랍을 6개월~1년마다 도포
* 긁힘 방지: 펠트 패드 또는 카펫을 사용하여 가구에서 바닥 긁힘 방지
* 수분 보호: 수분이 많이 닿는 곳에 러그 또는 매트 사용"
목재 바닥재의 유지보수 주기는 얼마나 되어야 하나요? (카테고리: 마감재),"목재 바닥재의 유지보수 주기는 사용 빈도, 환경 조건 및 바닥재의 종류에 따라 다를 수 있습니다. 일반적으로는 3~5년마다 유지보수를 권장합니다. 이는 바닥재의 표면을 보호하고 수명을 연장하기 위한 것으로, 규칙적인 청소와 필요시 재도장이 포함됩니다."
마감재 중에서 카펫 밑에 사용되는 발포우레탄폼의 단점은 무엇인가요?,"발포우레탄폼은 카펫 밑에 깔면 다음과 같은 단점이 있습니다.

* 습기를 흡수하면 곰팡이와 곰팡이의 성장을 촉진할 수 있습니다.
* 화재시 유독한 가스를 방출할 수 있습니다.
* 시간이 지남에 따라 분해되어 카펫의 지지력을 약화시킬 수 있습니다."
카펫 밑에 사용되는 발포우레탄폼은 어떤 장점을 가지고 있나요?,"발포우레탄폼은 카펫 밑에 사용되면 충격 흡수와 편안한 보강 효과를 제공합니다. 이로써 카펫이 더 부드럽고 쾌적한 발걸음을 제공하며, 바닥의 온도를 조절하고 소음을 줄여주어 편안한 실내 환경을 조성합니다. 또한 발포우레탄폼은 내구성이 뛰어나고 유지보수가 간편하여 카펫의 수명을 연장하는 데 도움이 됩니다."
"역청질페인트는 마감재로 사용되는데, 이것은 무엇이며 어떻게 사용되는 건가요?","역청질 페인트는 석유에서 얻어지는 천연 타르를 주성분으로 하는 페인트로 내수성과 내구성이 뛰어나며 주로 금속 표면에 부식 방지용으로 사용됩니다. 건물 외벽이나 지붕, 선박, 교량 등의 철골 구조물의 방청 및 방수에 널리 사용됩니다."
"역청질페인트의 특징은 무엇이며, 어떤 장점을 가지고 있나요?",역청질페인트는 자연스러운 질감과 뛰어난 흡수력을 가지고 있습니다. 이로 인해 표면에 균일한 색상을 부여하면서도 나무나 벽돌과 같은 재료의 질感을 유지할 수 있습니다. 또한 역청질페인트는 환경 친화적이며 내구성이 뛰어나기 때문에 실내 및 외부 벽면에 사용하기에 적합합니다. 이러한 특성은 자연스러운 느낌을 연출하면서도 장식적으로 효과를 높여줍니다.
왜 열반사 단열재가 마감재로서 중요한가?,"열반사 단열재가 마감재로서 중요한 이유는 건물의 에너지 효율을 높여주기 때문입니다. 열반사 단열재는 태양열을 반사하여 건물 내부가 뜨거워지는 것을 방지하고, 겨울철에는 열을 유지하여 난방 비용을 절감할 수 있습니다. 또한, 열반사 단열재는 방음 효과도 있어騒音을 줄이고, 편안한 실내 환경을 조성하는 데 도움이 됩니다."
열반사 단열재가 건축물에서 사용되는 이유는 무엇인가요?,"열반사 단열재는 건축물에서 사용되는 이유는 주로 에너지 효율성과 내부 환경 향상을 위함입니다. 이 재료는 태양열을 반사하여 건물 내부의 온도를 안정화시키고, 외부 온도 변화에 대비하여 보온 및 보냉 효과를 제공합니다. 이를 통해 난방 및 냉방 비용을 절감하고, 건물의 온도와 습도를 조절하여 편안한 실내 환경을 유지할 수 있습니다."
목공예품을 사용하는 장식적 오가닉 거실 디자인에서 목공예품의 특징은 무엇인가요?,"목공예품을 활용한 장식적 오가닉 거실 디자인은 자연스러운 소재감과 독특한 형태의 가구를 사용하여 편안하고 아늑한 분위기를 연출합니다. 목공예품의 특징은 다음과 같습니다.

- 자연스러운 소재감: 목공예품은 나무, 돌, 유리 등의 자연스러운 재료로 제작되므로 공간에 따뜻함과 편안함을 더해줍니다.

- 독특한 형태: 목공예품은 대량 생산된 가구와 달리 하나하나 수작업으로 만들어지기 때문에 독특한 형태와 디자인을 가지고 있습니다.

- 장식적 요소: 목공예품은 자체적으로 장식적인 요소를 가지고 있어 거실에 포인트를 더해줍니다.

- 기능성과 미적 요소: 목공예품은 기능성과 미적 요소를 모두 갖추고 있어 거실을 아름답게 꾸미면서도 실용적으로 사용할 수 있습니다."
장식적 오가닉 거실 디자인에서 목공예품의 활용 방안은 어떤 것이 있나요?,"장식적 오가닉 거실 디자인에서 목공예품은 다양한 방안으로 활용될 수 있습니다. 예를 들어, 목재로 만든 조명기구나 벽면 장식품을 활용하여 자연스러운 분위기를 조성할 수 있습니다. 또한 목재 가구나 소품을 활용하여 공간에 아늑하고 포근한 느낌을 부여할 수 있습니다. 또한 식물을 활용한 화분이나 나무 그림 등을 통해 자연의 요소를 강조하고, 전체적인 디자인에 조화를 이룰 수 있습니다."
건물 마감재에 사용되는 페인트의 유해물질은 어떤 것들이 있나요?,"- 납(lead): 페인트의 건조 속도를 빠르게 하기 위해 사용되는 유해 물질
- 수은(mercury): 페인트의 부식을 방지하기 위해 사용되는 유해 물질
- 크롬(chromium): 페인트의 색상을 내기 위해 사용되는 유해 물질
- 카드뮴(cadmium): 페인트의 내구성을 높이기 위해 사용되는 유해 물질
- 벤젠(benzene): 페인트의 휘발성을 높이기 위해 사용되는 유해 물질
- 포름알데히드(formaldehyde): 페인트의 방부제로 사용되는 유해 물질"
건물 마감재에 사용되는 페인트의 유해물질을 제거하기 위한 대체재는 무엇이 있나요?,건물 마감재에 사용되는 페인트의 유해물질을 제거하기 위한 대체재로는 친환경 페인트가 있습니다. 이러한 페인트는 VOC(휘발성 유기 화합물)를 최소화하거나 제거하여 실내 공기질을 개선하고 환경을 보호합니다. 또한 자연 소재를 사용한 페인트나 무독성 페인트도 대안으로 고려될 수 있습니다. 이러한 대체재를 사용함으로써 건물 내부의 환경을 개선하고 건강한 실내 공간을 조성할 수 있습니다.
"마감재 중에서 다공질 흡음재의 역할은 무엇이며, 타공보드와의 차이점은 무엇인가요?","다공질 흡음재는 음파를 흡수하여 공간의 잔향을 줄이는 역할을 합니다. 타공보드는 음파를 반사하여 음향을 조절하는 역할을 합니다. 다공질 흡음재는 소음을 줄이는 데 효과적이며, 타공보드는 음향을 조절하는 데 효과적입니다."
"다공질 흡음재의 장점은 무엇이며, 타공보드와 비교했을 때 어떤 차이가 있나요?","다공질 흡음재는 소리를 흡수하여 소음을 감소시키는데 효과적입니다. 이 재료는 다양한 크기와 형태의 구멍을 가지고 있어 소리를 흡수하고 분산시키는데 우수합니다. 타공보드와 비교했을 때, 다공질 흡음재는 보다 효율적으로 소리를 흡수하며, 더 넓은 주파수 범위에서 효과적으로 작동합니다. 이는 건물 내부의 소음을 효과적으로 제어하고 편안한 환경을 조성하는 데 도움이 됩니다."
내 새 집을 마감재로 세라믹사이딩을 선택하는 장점은 무엇일까요?,"세라믹사이딩을 선택하는 장점:

1. 내구성과 수명이 길어 장기적으로 비용 효율적입니다.
2. 화재에 강하고 썩지 않습니다.
3. 다양한 색상과 스타일이 있어 디자인의 선택이 많습니다.
4. 유지보수가 용이하여 청소와 수리가 간단합니다.
5. 환경 친화적인 재료로 에너지 효율을 높여줍니다."
세라믹사이딩을 사용한 집은 외관적으로 어떤 특징을 가지고 있나요?,"세라믹사이딩을 사용한 집은 외관적으로 고급스럽고 현대적인 느낌을 줍니다. 이 재료는 다양한 색상과 질감으로 제공되어 건물의 외관을 다채롭게 표현할 수 있습니다. 또한 세라믹사이딩은 내구성이 뛰어나고 화재에 강하며, 날씨 변화에도 잘 견디어 주택의 외부를 보호합니다. 이로써 고급스러우면서도 안정적인 외관을 제공하여 주택의 가치를 높이는데 기여합니다."
외부 벽돌 마감재로 모노벽돌을 선택하는 이유는 무엇인가요?,"모노벽돌은 뛰어난 내구성, 시공성, 방수성, 방염성으로 인해 외부 벽돌 마감재로 적합합니다."
모노벽돌을 사용할 때 고려해야 하는 설계 요소는 무엇인가요?,"모노벽돌을 사용할 때 고려해야 하는 설계 요소 중 하나는 벽돌의 색상과 질감을 조화롭게 결합하여 원하는 외관을 만들어내는 것입니다. 또한 벽돌의 크기와 형태, 배치 방식을 고려하여 건물의 스타일과 미적 감각을 고려해야 합니다. 또한 벽돌의 내구성과 저수준 유지보수 특성을 고려하여 건물의 장기적인 품질을 보장해야 합니다."
건축물의 마감재로 사용되는 차음재 종류는 어떤 것들이 있나요?,"음향 차단 성능이 우수한 차음재 종류:

- 석고보드
- 음향 패널
- 발포고무
- 고무"
차음재를 선택할 때 고려해야 하는 요소는 무엇인가요?,"차음재를 선택할 때 고려해야 하는 요소 중 하나는 재료의 효율성과 특성입니다. 다양한 차음재가 있으며, 각각의 재료는 소리를 다르게 흡수하고 차단합니다. 또한 차음재의 두께와 설치 방법도 중요합니다. 공간의 크기와 사용 용도에 따라 적절한 차음재를 선택하여 소음을 최대한 차단하고 효과적으로 공간을 절연하는 것이 중요합니다."
마감재 카테고리의 리얼징크를 사용하는데 어떤 장점이 있나요?,"* 내구성과 수명이 깁니다.
* 부식에 강합니다.
* 균열과 긁힘에 강합니다.
* 다양한 색상과 마감으로 제공됩니다.
* 화재에 강합니다.
* 독특한 외관을 제공합니다."
리얼징크를 사용하는 마감재 카테고리의 특징은 무엇인가요?,"리얼징크를 사용하는 마감재 카테고리의 특징 중 하나는 뛰어난 내구성과 방수성입니다. 이 재료는 환경에 대한 저항력이 높아서 실외 및 실내에서 사용할 수 있으며, 변색이나 부식에도 강합니다. 또한 리얼징크는 다양한 디자인과 텍스처를 제공하여 건물의 외관을 다양하게 표현할 수 있습니다. 이로써 고급스럽고 현대적인 느낌을 연출하며, 건물을 보호하고 지속적인 유지보수를 줄일 수 있습니다."
목재 바닥재의 장점은 무엇인가요?,"목재 바닥재는 자연스러운 아름다움을 가지고 있으며, 다양한 종류와 스타일로 제공되어 다양한 공간에 적합합니다. 또한, 목재는 열을 잘 보존하여 겨울에는 따뜻하고 여름에는 시원하게 유지하는 데 도움이 됩니다. 또한, 목재 바닥재는 유지 관리가 쉽고 수명이 길어 경제적입니다."
목재바닥재의 좋은 점을 알려주세요,"목재바닥재의 좋은 점 중 하나는 그 자연스러운 아름다움입니다. 목재는 고유한 질감과 색상을 가지고 있어 공간에 자연스러운 따뜻함을 더해줍니다. 또한 목재바닥은 내구성이 뛰어나고 보수가 쉽습니다. 또한 건강에도 이로운데, 목재는 자연 소재로 인해 환경에도 친숙하며, 공기 중 습도를 조절하여 건강한 실내 환경을 유지하는 데 도움이 됩니다."
마감재 중에서 발포우레탄폼은 어떤 용도로 사용되는지 알려주세요.,"발포우레탄폼은 방열, 방수, 방음에 우수하여 주로 단열재로 사용됩니다. 또한, 쿠션, 매트리스, 가구 등의 충격 흡수재로도 사용됩니다."
발포우레탄폼을 제조하는 공정에는 어떤 과정이 포함되어 있나요?,"발포우레탄폼을 제조하는 공정에는 주로 두 가지 주요 단계가 포함됩니다. 첫째, 원자재 혼합 단계에서 폴리올 및 이소시아네이트 같은 원료를 혼합하여 발포 우레탄의 기본 원료를 제조합니다. 둘째, 발포 및 경화 단계에서 혼합물을 형태로 주입하고, 화학 반응을 통해 발포시켜 폼을 형성하고 경화시킵니다. 이러한 과정을 거쳐 발포우레탄폼이 제조됩니다."
"마감재 카테고리에 맞는 금속기가 사용되는 주요 산업은 무엇이며, 그것의 다양한 종류와 용도에 대해 알려주세요?","금속기의 주요 산업과 용도:

1. 건축 산업: 건물의 외벽, 지붕, 내부 장식 등에 사용됩니다.
2. 자동차 산업: 자동차의 차체, 엔진, 변속기 등에 사용됩니다.
3. 항공기 산업: 항공기의 동체, 날개, 엔진 등에 사용됩니다.
4. 선박 산업: 선박의 선체, 엔진, 마스트 등에 사용됩니다.
5. 기계 산업: 기계의 부품, 도구, 장비 등에 사용됩니다.

각 산업에서 사용되는 금속기의 종류와 용도는 다양합니다. 예를 들어, 건축 산업에서는 강, 알루미늄, 스테인리스 스틸 등이 많이 사용됩니다. 강은 강도가 높고 내구성이 우수하여 건물의 구조물에 사용되고, 알루미늄은 가볍고 부식에 강하여 외벽과 지붕에 사용되며, 스테인리스 스틸은 부식에 매우 강하여 내부 장식에 사용됩니다."
"마감재 카테고리에 속하는 금속기를 사용하는 산업 중 가장 성장세가 빠른 분야는 무엇이며, 그 성장세를 뒷받침하는 주요 요인은 무엇인가요?","마감재 카테고리에 속하는 금속기를 사용하는 산업 중 가장 성장세가 빠른 분야는 건설 산업입니다. 이 분야의 성장세를 뒷받침하는 주요 요인은 도시화 및 인프라 개발, 건축 및 리모델링 활동의 증가, 그리고 환경 친화적인 건축 솔루션의 수요 증가 등이 있습니다."
외벽 마감재로 써모사이딩을 사용할 때 고려해야 할 단점은 무엇인가요?,"외벽 마감재로 써모사이딩을 사용할 때 고려해야 할 단점은 다음과 같습니다.

* 비용이 비쌀 수 있습니다.
* 설치가 어려울 수 있습니다.
* 단열 성능이 떨어질 수 있습니다.
* 화재에 약할 수 있습니다.
* 색상이 변색될 수 있습니다."
써모사이딩의 장점은 무엇이 있나요?,"써모사이딩의 장점 중 하나는 우수한 단열성능을 가지고 있다는 것입니다. 이 재료는 열전도율이 낮아서 내부 공간의 온도를 안정화시키고 에너지 비용을 절감할 수 있습니다. 또한 써모사이딩은 내구성이 뛰어나고 화재에 강하며, 장기간 유지보수가 필요하지 않아서 비용을 절감할 수 있습니다. 그 외에도 다양한 색상과 디자인으로 제공되어 건축물의 외관을 다채롭게 표현할 수 있습니다."
"실크벽지는 인테리어 마감재 중 하나로, 부드럽고 윤기 있는 겉면을 가진 벽지입니다. 이러한 특징을 가진 실크벽지는 고급스러운 느낌을 주고, 공간을 더욱 화려하게 만들어 줍니다. 실크벽지는 주로 거실이나 침실 등의 공간에서 사용되며, 공간에 아늑한 분위기를 조성해 줍니다. 실크벽지의 특징과 장점에 대해 자세히 알아보고 계신가요?","실크벽지는 부드러운 촉감과 윤기 있는 외관을 가진 고급스러운 인테리어 마감재입니다. 이러한 특성으로 인해 거실이나 침실과 같은 공간에서 인기를 끌고 있으며, 공간에 아늑한 분위기를 조성하는 데 도움이 됩니다."
실크벽지를 선택할 때 주의해야 할 점은 무엇인가요?,"실크벽지를 선택할 때 주의해야 할 점 중 하나는 습기에 민감하다는 것입니다. 고습한 환경에서는 실크벽지가 변형되거나 손상될 수 있으므로, 사용 환경을 고려하여 적합한 재료를 선택해야 합니다. 또한 실크벽지는 부드럽고 섬세한 질감을 가지고 있으므로, 설치 시 주의 깊게 다루어야 합니다. 어색한 처리나 흠집이 생기면 고치기 어려울 수 있으니 전문가의 도움을 받는 것이 좋습니다."
마감재 중 걸레받이의 기능은 무엇인가요?,"걸레받이는 바닥의 습기를 흡수하고 쉽게 청소할 수 있도록 하며, 바닥 재료를 보호하는 데 도움이 됩니다."
걸레받이가 마감재에 어떤 영향을 미치나요?,"걸레받이는 마감재에 미치는 영향을 줄이는 데 도움을 줍니다. 걸레받이는 벽면을 보호하여 마감재의 수명을 연장하고 외관을 유지하는 역할을 합니다. 또한 먼지나 물방울 등의 오염물질을 방지하여 마감재의 깨끗함을 유지하고, 유지 보수 비용을 줄이는 데에 도움이 됩니다."
아이소핑크는 주로 어떤 산업에서 사용되는가?,"아이소핑크는 건축 산업에서 주로 사용되는 섬유 유리 단열재 제품입니다. 소음 감소와 내화 특성으로 인해 건물의 천장, 벽, 바닥에 단열재로 사용됩니다. 또한 가볍고 설치하기 쉬워서 건설 현장에서 인기 있는 선택이 되었습니다."
아이소핑크가 제품에 미치는 영향은 무엇인가요?,"아이소핑크는 제품에 여러 가지 영향을 미칩니다. 주로 단열재로 사용되며, 열전도율이 낮아 건물의 단열성능을 향상시키고 에너지 효율성을 향상시킵니다. 또한 경량이면서 강도가 높아 건축물의 구조적인 강도를 향상시키며, 방수성과 내구성이 뛰어나 환경에 친화적입니다. 이로써 건축물의 내부 환경을 향상시키고 지속 가능한 건축에 기여합니다."
완전한 유리 평지붕의 장점은 무엇인가요?,"완전한 유리 평지붕의 장점은 다음과 같습니다.

* 채광이 좋아서 실내가 밝고 개방적입니다.
* 열 손실이 적어 에너지 효율이 높습니다.
* 비가 와도 누수가 없어서 방수성이 좋습니다.
* 설치와 유지 관리가 용이합니다.
* 아름다운 외관으로 건물의 가치를 높여줍니다."
유리 평지붕은 어떤 점에서 좋은가요,"유리 평지붕은 먼저 자연 채광을 촉진하여 내부 공간을 밝고 환한 분위기로 만듭니다. 또한 전망을 확장시켜 주변 풍경을 감상할 수 있으며, 실내 공간과 실외 공간을 융합하여 개방적이고 활기찬 분위기를 조성합니다. 또한 유리 평지붕은 현대적이고 세련된 외관을 제공하여 건물의 디자인을 더욱 강조합니다."
마감재 중에서 그라스울의 비교적 약한 부분은 무엇인가요?,"그라스울의 비교적 약한 부분은 습기 취약성입니다. 습기에 노출될 경우 쉽게 습기가 스며들어 단열성이 저하되고, 곰팡이가 생기거나 썩을 수 있어 수명이 단축될 수 있습니다."
그라스울의 약점은 어디에 있을까요?,"그라스울의 약점은 주로 내구성과 저온 내구성에 있습니다. 이러한 재료는 일부 환경에서는 변형되거나 손상될 수 있으며, 특히 고온이나 저온 환경에서는 성능이 떨어질 수 있습니다. 또한 그라스울은 비교적 높은 비용과 제한된 색상과 디자인 선택지를 가지고 있어, 다양한 디자인 요구에 부합하지 않을 수 있습니다."
내후성강판은 마감재로 사용되는 재료인가요? 마감재로 사용되는 다른 재료들과 비교했을 때 내후성강판의 장단점이 무엇인가요?,"내후성강판은 마감재로 사용되는 재료입니다. 다른 마감재와 비교했을 때 내후성강판의 장점은 내구성이 뛰어나고, 방화성이 우수하며, 시공이 용이합니다. 단점은 가격이 비쌀 수 있고, 무게가 무거울 수 있습니다."
내후성강판은 마감재로 사용될 때 어떤 장점을 가지고 있나요? 내후성강판을 다른 마감재와 비교했을 때 어떤 차이가 있나요?,"내후성강판은 내구성이 뛰어나고 부식에 강하며, 장기간에 걸쳐 안정적인 외관을 유지할 수 있는 장점이 있습니다. 또한 내후성강판은 다양한 기후 조건에 적합하며, 자연 현상에 대해 견고하게 대처할 수 있습니다. 다른 마감재와 비교했을 때, 내후성강판은 특히 극한 기후 조건에서도 강건하게 유지되는 점이 차이점입니다."
대리석 바닥재의 유지보수 방법은 무엇인가요? (카테고리: 마감재),"대리석 바닥재의 유지보수는 부드러운 천이나 걸레로 주기적으로 먼지와 먼지를 제거하는 것으로 시작됩니다. 대리석 바닥재에는 산성 세제를 사용하여 세척하는 것이 좋으며, 특히 물과 세제를 섞은 솔루션을 사용하여 얼룩을 제거할 수 있습니다. 또한, 대리석 바닥재를 방수 처리하고 정기적으로 밀랍하는 것이 바람직합니다. 만약 대리석 바닥재에 큰 손상이 있거나 깊은 얼룩이 생겼을 경우 전문가의 도움을 받는 것이 좋습니다."
대리석 바닥재의 유지보수에 필요한 도구는 무엇인가요? (카테고리: 마감재),"대리석 바닥재의 유지보수에 필요한 주요 도구로는 부드러운 걸레, 중성 세제, 부드러운 천과 건조기가 있습니다. 대리석은 부드러운 자연 돌이므로 강하게 세척하거나 강한 화학 세제를 사용하면 표면을 손상시킬 수 있습니다. 따라서 부드러운 걸레와 중성 세제를 사용하여 청소하고, 천과 건조기를 사용하여 건조하는 것이 좋습니다. 또한 주기적으로 필요에 따라 대리석 바닥재를 각질 제거하고 씰링하는데 사용되는 특수 도구도 필요할 수 있습니다."
포세린 타일은 건축 및 인테리어 디자인에서 어떻게 사용되나요?,"포셀린 타일은 건축, 실내 디자인에서 견고하고 내구성 있는 재료로 사용됩니다. 낮은 흡수성과 내마모성으로 바닥, 벽, 조리대 등 다양한 용도로 사용할 수 있습니다. 또한 다양한 색상과 패턴으로 다양한 디자인을 구현할 수 있습니다."
건축 및 인테리어 디자인에서 포세린 타일은 어떤 장점을 가지고 있나요?,"건축 및 인테리어 디자인에서 포세린 타일은 뛰어난 내구성과 방수성을 가지고 있습니다. 이 재료는 물, 습기, 열에 강하며, 변색되거나 손상되지 않는다는 장점이 있습니다. 또한 포세린 타일은 다양한 디자인, 색상, 질감으로 제공되어 다양한 스타일의 공간에 적용할 수 있습니다. 이로써 내외부의 바닥, 벽면, 심지어 수영장이나 외부 경로 등에도 널리 사용됩니다."
인테리어 디자인에서 효과적으로 사용할 수 있는 새로운 마감재는 무엇이 있나요?,"인테리어 디자인에서 효과적으로 사용할 수 있는 새로운 마감재로는 수지 벽판, 텍스처드 벽지, 천연 목재 벽재, 실리콘 렌더링 등이 있습니다. 수지 벽판은 다양한 색상과 패턴으로 공간을 화려하게 꾸밀 수 있으며, 텍스처드 벽지는 입체적인 질감을 제공하여 고급스러운 분위기를 연출할 수 있습니다. 또한, 천연 목재 벽재는 자연스러운 느낌을 주며 고급스러운 인테리어를 완성할 수 있습니다. 마지막으로, 실리콘 렌더링은 내구성이 뛰어나고 다양한 색상으로 제공되어 현대적이고 세련된 분위기를 조성할 수 있습니다. 이러한 새로운 마감재들은 다양한 인테리어 디자인에 적용할 수 있으며, 공간에 새로운 느낌을 부여하는 데 도움이 됩니다."
새로운 마감재를 활용하여 인테리어 디자인을 혁신적으로 변화시킬 수 있는 방법은 무엇인가요?,"새로운 마감재를 활용하여 인테리어 디자인을 혁신적으로 변화시키는 방법 중 하나는 예술적인 활용입니다. 새로운 마감재의 특성을 이용하여 독특한 패턴, 질감, 형태를 만들어내어 공간에 창의적이고 독특한 분위기를 부여할 수 있습니다. 또한 새로운 마감재를 다양한 장소나 형태에 적용하여 흥미로운 시각적 효과를 창출할 수 있습니다. 마지막으로 색상과 조명을 조합하여 새로운 마감재의 잠재력을 최대한 발휘하여 공간의 느낌을 혁신적으로 변화시킬 수 있습니다."
"친환경벽지의 재료는 무엇이며, 어떤 방식으로 환경을 보호하고 있는가?","친환경벽지의 주요 재료로는 재생된 종이, 천연 섬유, 대나무, 산소발생기능을 가진 나무 등이 있습니다. 이러한 재료들은 친환경적이며, 생산과정에서 자원소모를 최소화하고 화학물질 사용을 최대한 줄입니다. 또한, 친환경벽지 제조업체들은 친환경 잉크와 염료를 사용하여 인쇄하고, 포장재에 재활용 가능한 소재를 사용하여 환경을 보호하고 있습니다. 이렇게 함으로써 친환경벽지는 자연과 사람에게 미치는 영향을 최소화하면서도 아름다운 디자인을 제공합니다."
"친환경벽지의 재료가 환경에 미치는 영향은 무엇이며, 어떻게 개선할 수 있을까요?","친환경벽지의 재료가 환경에 미치는 영향은 주로 생산 과정과 폐기에 관련됩니다. 일부 벽지는 화학 물질을 사용하여 제조되어 환경 오염을 초래할 수 있습니다. 이를 개선하기 위해서는 친환경 소재 및 생산 과정을 활용하는 것이 중요합니다. 또한 재활용 가능한 자원을 사용하고, 친환경 인쇄 기술을 도입하여 화학물질의 사용을 최소화하고 생산 및 폐기 단계에서의 영향을 줄일 수 있습니다."
대리석 마감재의 수명을 연장시키기 위한 최고의 방법은 무엇인가요?,"대리석 마감재의 수명을 연장하기 위한 최고의 방법은 정기적으로 청소하고 밀봉하는 것입니다. 먼저, 중성 세제와 물을 사용하여 대리석 표면을 청소합니다. 그런 다음, 대리석 전용 실러를 사용하여 표면을 밀봉합니다. 이렇게 하면 대리석이 얼룩과 변색으로부터 보호됩니다."
대리석 마감재의 수명을 연장시키는데 가장 효과적인 방법은 무엇인가요?,"대리석 마감재의 수명을 연장시키는 가장 효과적인 방법은 주기적이고 적절한 유지보수입니다. 정기적인 청소와 관리를 통해 대리석 표면의 먼지, 오염물질을 제거하고, 특히 적절한 방법으로 주기적으로 밀봉하는 것이 중요합니다. 밀봉은 대리석의 표면을 보호하고 수명을 연장시키는 데 도움이 됩니다. 또한 대리석 마감재를 다룰 때는 부드러운 세제와 천을 사용하여 부드럽게 다뤄야 합니다."
비드법 보온판 1종은 무엇이며 어떤 효과가 있나요?," 비드법 보온판 1종은 유리 섬유로 제작된 보온판으로, 건물 외벽이나 지붕에 부착하여 열 손실을 줄이는 데 사용됩니다. 이는 우수한 단열 성능으로 건물 내부의 온도를 유지하고 에너지 소비를 절감하는 데 효과적입니다."
비드법 보온판 1종의 주요 구성 요소는 무엇이며 어떤 역할을 하나요?,"비드법 보온판 1종의 주요 구성 요소로는 폴리우레탄이 사용됩니다. 이 폴리우레탄은 보온 및 단열재로 사용되며, 열전도율이 낮아 에너지 효율을 높이고, 건물 내부의 온도를 안정화시키는 역할을 합니다. 또한 경량이면서도 강도가 뛰어나므로 구조물에 부담을 주지 않으면서도 내구성을 보장합니다."
벽지의 수명을 늘리는데 도움이 되는 마감재는 무엇인가요?,"벽지의 수명을 늘리는데 도움이 되는 마감재로는 PVC 벽판, 텍스처드 벽지, 밀포리늄 벽지 등이 있습니다. PVC 벽판은 내구성이 뛰어나고 세척이 용이하여 수명을 늘릴 수 있습니다. 텍스처드 벽지는 견고한 소재로 만들어져 있어 표면이 훼손되기 어렵고 오랜 시간 동안 사용할 수 있습니다. 또한, 밀포리늄 벽지는 습기와 곰팡이에 강하며 내구성이 뛰어나서 오랜 기간 사용할 수 있습니다. 이러한 마감재들은 벽지의 수명을 늘리는데 도움이 되며, 공간을 오랫동안 아름답게 유지할 수 있습니다."
마감재를 선택할 때 고려해야 하는 요소는 무엇인가요?,"마감재를 선택할 때 고려해야 하는 주요 요소로는 내구성, 디자인 및 스타일, 비용, 유지보수 요구사항 등이 있습니다. 내구성은 장기적으로 건물의 외관과 성능을 유지하기 위해 중요하며, 디자인과 스타일은 건물의 미적 가치를 높이고 주변 환경과 어우러질 수 있도록 고려해야 합니다. 비용은 예산과 조화를 이루어야 하며, 유지보수 요구사항은 장기적인 관리를 고려하여 적합한 재료를 선택해야 합니다."
알루미늄징크를 마감재로 사용하는 장점은 무엇입니까?,"알루미늄징크를 사용하는 장점은 다음과 같습니다.

* 내식성이 우수하고
* 경량이고
* 내구성이 뛰어나며
* 가격대비 성능이 좋습니다."
알루미늄징크를 마감재로 사용할 때 주의해야 할 점은 무엇인가요?,"알루미늄징크를 마감재로 사용할 때 주의해야 할 점 중 하나는 부식에 노출되지 않도록 하는 것입니다. 알루미늄징크는 부식에 강한 재료이지만, 환경적 요인이나 부식을 일으킬 수 있는 화학물질에 노출되면 손상될 수 있습니다. 따라서 적절한 방호층이나 부식 방지 처리를 통해 알루미늄징크를 보호해야 합니다. 또한 설치 및 유지보수 과정에서 제조업체의 지침을 엄격히 준수해야 합니다."
그라스울 보온판은 무엇이며 어떤 효과가 있나요?,"그라스울 보온판은 유리섬유를 압축하여 제조한 보온재로, 열전도율이 낮고 단열성이 우수합니다. 건축물의 벽체, 천장, 바닥에 사용되며, 에너지 절약과 온도 유지를 도와줍니다."
그라스울 보온판에 대해 설명해주세요,"그라스울 보온판은 유리 울트라 마이크로파이버로 구성된 보온재로, 높은 단열성과 내구성을 가지고 있습니다. 그라스울은 고온에서도 안정적이며 불연성이라는 특징을 가지고 있어 화재 안전성이 뛰어납니다. 또한 가벼우면서도 강도가 높아 쉽게 적재 및 설치할 수 있습니다. 그라스울 보온판은 건물의 단열성능을 향상시키고 에너지 효율성을 높이는데 사용됩니다."
마감재 카테고리에 맞는 합지벽지의 재료와 사용 목적은 무엇인가요?,"재료: 천연 목섬유, 합성 섬유, 바인더
목적: 벽면 내구성 향상, 보온 및 단열성 제공, 흡음 및 소음 감소, 장식적 요소"
마감재 카테고리에 속하는 합지벽지의 설치 방법은 어떻게 되나요?,"마감재 카테고리에 속하는 합지벽지의 설치는 특정한 기술과 장비를 필요로 합니다. 보통 벽면에 접착제를 사용하여 벽지를 부착하며, 정확한 측정과 조정이 필요합니다. 벽지를 평활하고 균등하게 부착하기 위해 벽표면을 청소하고 수평선을 그어야 합니다. 특히 맞춤형 패턴이 있는 경우 정확한 배치가 필수적입니다."
세라믹 타일은 왜 마감재로 인기가 있는 걸까요?,"세라믹 타일은 마감재로 매우 인기가 있습니다. 이는 여러 가지 이유가 있습니다. 먼저, 세라믹 타일은 내구성이 뛰어나고 화재에 강합니다. 또한, 세라믹 타일은 물에 강하고 쉽게 청소할 수 있어 욕실과 주방과 같은 공간에 이상적입니다. 또한, 세라믹 타일은 다양한 색상과 패턴으로 제공되어 다양한 디자인을 구현할 수 있습니다. 또한, 세라믹 타일은 친환경적이고 건강에 해로운 화학 물질을 포함하지 않으며, 재생 가능한 자원으로 만들어져 환경을 보호하는 데 기여합니다. 이러한 이유들로 인해 세라믹 타일은 건축 및 인테리어 디자인에서 인기가 있습니다."
세라믹 타일의 인기가 높은 이유는 무엇인가요?,"세라믹 타일은 다양한 이유로 매우 인기가 있습니다. 먼저, 그들의 내구성과 오랜 수명이 주목받습니다. 물에 대한 내성과 열에 대한 저항력이 뛰어나기 때문에 주방 및 욕실과 같은 습기가 많은 공간에 이상적입니다. 또한 다양한 디자인, 색상 및 질감으로 제공되어 인테리어 스타일에 쉽게 적용될 수 있습니다. 관리가 간편하며 청결을 유지하기 쉽습니다."
규산염페인트를 사용하는 가구나 벽면은 어떤 특징이 있나요?,규산염 페인트를 사용한 가구나 벽면은 통기성이 뛰어나 곰팡이가 생기기 어렵습니다. 또한 흡습성이 좋아 습기를 흡수하여 실내 공기를 건조하게 유지하는 데 도움이 됩니다.
규산염페인트를 사용하는 가구나 벽면은 어떤 장점을 가지고 있나요?,규산염페인트는 자연 친화적이며 환경에 더욱 친숙한 선택입니다. 이 페인트는 휘발성 유기 화합물 (VOC)을 포함하지 않으며 인체에 해로운 물질을 방출하지 않습니다. 또한 규산염페인트는 벽면에 탁월한 숨겨진 미묘한 질감과 광택을 부여하여 고품격의 마감을 제공합니다. 특히 고온다습한 환경에 적합하며 오랜 시간 동안 지속되는 내구성과 탁월한 방수 기능을 제공합니다.
PVC 샤시는 건축 및 인테리어 마감재로 어떤 장점을 가지고 있나요?,"PVC 샤시의 장점:

1. 경량성 및 설치 용이성
2. 내구성 및 수명이 긴 수명
3. 유지 관리 및 청소가 용이
4. 다양한 색상 및 디자인 옵션
5. 비교적 저렴한 비용"
pvc 샤시는 어떤 좋은 점이 있나요?,"PVC 샤시는 여러 가지 장점을 가지고 있습니다. 먼저, 그들은 내구성이 뛰어나고 오랜 기간 유지될 수 있습니다. PVC는 부식이나 변형에 강하며, 날씨 변화에도 영향을 받지 않습니다. 또한 저음과 고열 전도율이 낮아 에너지 효율적입니다. 유지 보수가 쉽고 청소하기도 편리합니다. 더불어 소음을 줄이고 안전성을 높여줍니다."
페놀폼이 마감재로서 어떤 역할을 하는지 자세히 설명해 주십시오.," 페놀폼의 마감재 역할:

* 단열성과 방음성 향상
* 건물 외벽의 내후성 및 내화성 제고
* 건설 비용 절감
* 실내 공기 질 개선"
페놀폼이 마감재로 사용되는 건축물에서 어떤 장점을 가지고 있나요?,페놀폼은 건축물에서 다양한 장점을 제공합니다. 먼저 가벽 시스템에 사용되면 우수한 단열성과 열 저항력을 제공하여 에너지 효율을 향상시킵니다. 높은 압축 강도를 가지고 있어 구조적 안정성을 높이고 내구성을 향상시킵니다. 경량이기 때문에 운반과 설치가 용이하며 시공 시간과 비용을 절약할 수 있습니다. 또한 화재 저항성이 뛰어나고 곰팡이와 해충에도 저항하므로 건강하고 안전한 환경을 제공합니다.
"마감재에서 도막의 역할은 무엇이며, 어떻게 설치되고 유지보수해야 하는지 알려주세요.","도막은 마감재의 표면을 보호하고 수분, 먼지, 기름 등의 오염으로부터 보호하는 역할을 합니다. 일반적으로 도막은 페인트, 와니스, 우레탄 등 다양한 재료를 사용하여 설치됩니다. 도막을 설치할 때는 마감재의 표면을 깨끗이 청소하고 도막을 고르게 바르는 것이 중요합니다. 또한, 도막을 유지보수하기 위해서는 정기적으로 청소하고 재도장을 하는 것이 필요합니다."
"마감재의 재료는 무엇이 가장 효과적이며, 그 재료를 사용할 때 주의해야 할 점은 무엇인가요?","마감재의 효과적인 재료는 사용 목적과 환경에 따라 달라집니다. 일반적으로 내구성과 다양한 디자인을 고려할 때 석고보드나 합판이 많이 사용됩니다. 그러나 화재가능성이 있는 재료를 선택할 때에는 화재 저항성을 고려해야 합니다. 또한 화학 물질을 사용하는 경우, 적절한 환기와 안전 조치가 필요합니다. 따라서 선택한 재료의 특성과 사용 방법을 주의깊게 고려해야 합니다."
외부 마감재로서의 징크판넬은 어떤 장점을 가지고 있나요?,"징크판넬은 내구성이 우수하고, 설치가 용이하며, 경량으로 부담을 줄이며, 디자인의 다양성을 제공하는 외부 마감재로서의 장점을 지니고 있습니다."
징크판넬을 사용하는 건물의 내구성은 어떻게 향상되나요?,"징크판넬을 사용하는 건물의 내구성은 주로 두 가지 측면에서 향상됩니다. 첫째, 징크판넬은 날씨 변화나 부식에 강한 소재로서 장기간 사용할 수 있습니다. 이는 건물의 외부를 보호하고 구조물의 수명을 연장합니다. 둘째, 징크판넬은 강철과 아연의 합금으로 구성되어 화재에 대한 저항성이 뛰어나며, 안전한 건축물을 구축하는 데 도움이 됩니다."
원목마루의 장점과 단점은 무엇인가요?,"원목마루의 장점과 단점:

장점:
- 아름다운 외관과 독특한 질감
- 내구성과 수명이 길며 재사용이 가능
- 발밑이 따뜻하고 편안함
- 소음과 열을 잘 흡수하고 방음성이 좋음

단점:
- 가격이 비쌀 수 있음
- 설치와 유지보수에 비교적 많은 노력이 필요
- 습기와 햇빛에 취약하여変色하거나 벌레가 끼기도 함"
원목마루를 유지하는 데 필요한 유지보수 비용은 어느 정도인가요?,"원목마루를 유지하는 데 필요한 유지보수 비용은 다양한 요인에 따라 다릅니다. 주로 마루의 상태, 사용 빈도 및 환경 조건에 따라 달라집니다. 보통 주기적인 청소와 특수한 마루 관리제품을 사용하여 표면을 보호해야 합니다. 또한 마루의 깊은 스크래치나 손상이 있는 경우 수선이 필요할 수 있습니다. 따라서 정확한 비용은 상황에 따라 다를 수 있으며 전문가와 상의하는 것이 좋습니다."
"외부 환경 요인에 대해 전체적인 내구성을 고려할 때, 알루미늄징크의 마감재로 사용되는 경우에는 어떤 단점이 있을까요?","알루미늄징크 마감재의 단점은 다음과 같습니다.

* 내마모성이 낮아 쉽게 긁힘
* 자외선에 약해 쉽게 퇴색
* 부식에 약해 적용 지역이 제한됨"
"알루미늄징크의 마감재로 사용될 때, 내구성을 향상시키기 위한 대체재는 무엇인가요?",알루미늄징크의 내구성을 향상시키는 대체재로는 주로 폴리에스테르 코팅이 사용됩니다. 이 코팅은 알루미늄징크에 부착되어 외부 요인으로부터 보호를 제공하며 녹에 대한 내성을 높입니다. 또한 코팅은 화학적인 저항성을 향상시켜 환경적인 영향을 줄여주어 내구성을 더욱 향상시킵니다.
인테리어 디자인에서 아크릴 계열 페인트를 사용하는데 가장 적합한 방법은 무엇인가요?,"아크릴을 사용한 인테리어 디자이닝의 팁을 드리겠습니다. 아크릴은 건조가 빠르고 색상 변화가 적으므로 인테리어 공간에서 다재다능하게 사용할 수 있습니다.
다음과 같은 방법을 사용하면 더욱 효과적으로 사용할 수 있습니다.

1. 아크릴 페인트를 사용할 때는 수성 희석제를 사용하십시오. 유성 희석제를 사용하면 페인트가 제대로 녹지 않을 수 있습니다.
2. 아크릴 페인트는 건조가 빠르므로 넓은 면적을 페인팅할 때는 부분적으로 나누어서 작업하는 것이 좋습니다.
3. 아크릴 페인트는 물에 잘 녹으므로 페인팅 후 물로 닦아내면 쉽게 제거할 수 있습니다.
4. 아크릴 페인트는 건조 후 튼튼한 피막을 형성하므로 내구성이 좋습니다.

아크릴 페인트를 사용하면 다양한 인테리어 스타일을 연출할 수 있습니다. 아크릴 페인트를 사용하여 독특하고 개성 있는 공간을 만들어보세요!"
아크릴 계열 페인트를 사용할 때 주의해야 할 점은 무엇인가요?,"아크릴 계열 페인트를 사용할 때 주의할 점 중 하나는 적절한 환기를 유지하는 것입니다. 아크릴 페인트에는 휘발성 유기 화합물(VOC)이 함유되어 있어 환기가 부족할 경우 유해한 증기가 축적될 수 있습니다. 또한 페인트를 다룰 때 손과 피부를 보호하고, 눈에 튀는 것을 방지하는 안전장비를 착용해야 합니다. 그리고 사용 후에는 페인트용품을 깨끗이 세척하여 안전하게 보관해야 합니다."
목재 바닥재의 장점은 무엇입니까? (카테고리: 마감재),"목재 바닥재의 장점:

- 자연미와 따뜻함
- 내구성과 강도
- 방음 및 단열 성능
- 다양한 스타일과 디자인
- 환경 친화적
- 쉽게 청소 및 유지 보수
- 건강에 좋음 (VOC 방출량이 적음)"
목재 바닥재를 선택하는 이유는 무엇인가요? (카테고리: 마감재),"목재 바닥재를 선택하는 이유는 주로 자연스러운 아름다움과 따뜻한 분위기를 만들어내기 때문입니다. 목재는 다양한 종류와 색상으로 제공되어 인테리어에 맞춰 선택할 수 있으며, 각 나무의 고유한 질감과 무늬가 공간에 자연스러운 매력을 더해줍니다. 뿐만 아니라 목재는 내구성이 있고 보수가 비교적 쉬우며, 바닥 열을 보존하여 거실이나 침실과 같은 공간에 편안한 환경을 조성합니다."
마감재 중에 사용하지 않은 도배풀은 폐기할 때 어떻게 처리해야 하는가?,사용하지 않은 도배풀은 폐기할 때 지역의 재활용 규정을 준수해야 합니다. 일반적으로 도배풀은 특수한 처리가 필요한 폐기물로 간주되어 지정된 재활용 센터나 폐기물 처리 시설로 배출해야 합니다. 도배풀에는 유해한 화학물질이 함유되어 있을 수 있으므로 일반 쓰레기통에 버리거나 환경에 해를 끼칠 수 있는 방법으로 폐기하는 것은 권장되지 않습니다. 따라서 지역의 환경 규제에 따라 적절한 방법으로 처리해야 합니다.
도배풀을 폐기할 때 환경에 미치는 영향을 최소화하기 위한 방법은 무엇인가요?,"도배풀을 폐기할 때 환경에 미치는 영향을 최소화하기 위해 먼저 독성 물질을 함유하지 않는 친환경 도배풀을 선택하는 것이 중요합니다. 또한 사용된 도배풀을 제거할 때 재활용이 가능한 재료는 분리하여 처리하고, 잔여 폐기물은 지역의 폐기물 처리 시설에 안전하게 처리해야 합니다. 이렇게 함으로써 도배작업이 환경에 미치는 부정적인 영향을 최소화할 수 있습니다."
트라스 KMEW 세라믹 지붕재의 수명은 얼마나 되나요?,트라스 KMEW 세라믹 지붕재의 수명은 제조사에 따라 다를 수 있으므로 정확한 수명을 명시하기 어렵습니다. 일반적으로 세라믹 지붕재의 수명은 30년에서 50년 정도로 알려져 있습니다.
트라스 KMEW 세라믹 지붕재는 어떤 기후 조건에서 가장 효과적으로 사용할 수 있나요?,트라스 KMEW 세라믹 지붕재는 주로 습기가 많고 비가 많이 오는 기후 조건에서 가장 효과적으로 사용됩니다. 이러한 기후 조건에서 세라믹 지붕재는 높은 내구성과 내화성을 제공하여 지붕을 효과적으로 보호하고 장기간에 걸쳐 유지될 수 있습니다. 또한 세라믹의 특성상 곰팡이나 이물질이 덜 부착되므로 청결을 유지할 수 있습니다.
석고보드와 드라이월의 차이점은 무엇인가요?,"석고보드는 건축자재로 사용되는 보드의 일종으로, 주로 석고를 주재료로 하여 제조됩니다. 드라이월은 건축자재로 사용되는 보드의 일종으로, 석고보드와 유사하지만 내부에 섬유 유리가 들어있는 것이 특징입니다."
석고보드와 드라이월을 사용할 때 각각의 장단점은 무엇인가요?,석고보드는 설치가 쉽고 비교적 저렴하며 환경 친화적이지만 수분에 노출되면 손상될 수 있습니다. 반면 드라이월은 보다 내구성이 뛰어나고 물에 강하며 화재 저항성이 있지만 비용이 더 많이 들고 전문 기술이 요구됩니다. 따라서 사용 목적과 환경 조건에 따라 적합한 재료를 선택해야 합니다.
새롭게 생성한 목재 마감재를 선택할 때 주의해야 할 점은 무엇인가요?,"새 목재 마감재 선택 시 신경 써야 할 점:

1. 내구성
2. 방수성
3. 방염성
4. 가격
5. 유지 보수 편의성"
목재 마감재의 선택 시 고려해야 할 요소는 무엇인가요?,"목재 마감재를 선택할 때 고려해야 할 요소는 다양합니다. 먼저, 환경 친화성과 내구성이 중요합니다. 다음으로는 사용할 공간의 스타일과 인테리어 디자인과의 조화가 필요합니다. 또한 목재의 종류와 특성, 그리고 유지 보수의 용이성도 고려해야 합니다. 마지막으로 예산과 설치 과정의 복잡성을 고려하여 적합한 목재를 선택해야 합니다."
마감재 중 강화마루의 사용 시 발생할 수 있는 문제점은 무엇인가요?,"강화마루 사용 시 발생할 수 있는 문제점:

1. 습기로 인한 팽창
2. 햇빛에 의한 변색
3. 발자국 자국 남기 쉬움
4. 소음 문제
5. 독성 물질 배출 가능성"
강화마루의 장점은 무엇인가요?,"강화마루의 장점은 다양합니다. 먼저, 내구성이 뛰어나서 긴 수명을 보장합니다. 또한 습기에 강하고 손상이 적으며, 흠집이 잘 생기지 않는다는 특징이 있습니다. 또한 설치가 간편하고 유지 보수가 쉽습니다. 특히 표면이 미끄럼 방지 처리되어 안전성이 높아 환경에 적합합니다."
목조주택의 장점은 무엇인가요? (카테고리: 마감재),"목조주택의 장점

* 경량으로 지진에 강함
* 단열성이 우수하여 쾌적한 실내 환경 제공
* 통기성이 좋아 습기를 조절하고 곰팡이 발생 예방
* 자재 획득이 쉬우며 가공이 용이하여 건설 비용 절감
* 친환경적이며 재활용이 가능"
목조주택의 재료로 사용되는 나무 종류에는 어떤 것들이 있나요? (카테고리: 마감재),"목조주택의 재료로 사용되는 나무 종류는 다양합니다. 주로 소나무, 잣나무, 고로쇠나무, 백목, 가문비나무 등이 사용됩니다. 이들 나무는 각각의 특성에 따라 건축 구조와 마감재로 활용되며, 주택의 디자인과 환경에 맞게 선택됩니다."
목재 마감재의 가격을 낮출 수 있는 방법은 무엇인가요?," 목재 마감재의 가격을 낮추는 방법:

* **낮은 등급의 목재 사용:** 높은 등급의 목재는 결점이 없어 가격이 비쌈.
* **엔지니어링 목재 사용:** 자연목보다 저렴하고 튼튼함.
* **재생목재 사용:** 지속 가능하고 저렴한 옵션.
* **목재 대체재 검토:** 타일, 라미네이트, 리놀륨 등의 대체재는 가격이 저렴함.
* **도매 구매:** 대량 구매 시 할인 가능.
* **시즌 외 구매:** 수요가 낮은 시기에 구매하면 가격이 저렴함.
* **나무 서류 수령:** 목재 시장에서 남은 재고나 판매되지 않은 목재는 저렴하게 구매 가능.
* **지역 공급업체 찾기:** 지역 공급업체는 운송비가 저렴하여 가격이 저렴함."
목재 마감재를 저렴하게 쓸 수 있는 방법을 알려주세요,목재 마감재를 저렴하게 사용하는 방법 중 하나는 재활용된 나무나 재생 목재를 활용하는 것입니다. 또한 대량 구매나 할인 행사를 활용하여 가격을 절감할 수 있습니다. 더불어 자신이 직접 목재를 가공하거나 DIY 프로젝트를 통해 비용을 줄일 수도 있습니다. 마지막으로 지역에서 생산된 나무를 구매하여 운송 비용을 절감할 수도 있습니다.
외부 환경으로부터의 보호를 위해 건축물에 분무식 중밀도 폴리우레탄 폼을 사용하는 이유가 무엇인가요?,"건축물에 분무식 중밀도 폴리우레탄 폼을 사용하는 이유는 외부 환경으로부터의 보호와 건물의 단열성을 향상시키기 위함입니다. 중밀도 폴리우레탄 폼은 건축물의 외부 벽면에 분사되어 외부 공기와의 접촉을 차단하여 수분과 기타 외부 요소로부터 건물을 보호합니다. 또한, 이러한 폼은 우수한 단열 특성을 가지고 있어 건물 내부의 온도를 유지하고 에너지 소비를 줄여줍니다. 이로써 건축물의 내부 환경을 향상시키고 건물의 수명을 연장하는 데 도움이 됩니다."
건축물에 분무식 중밀도 폴리우레탄 폼을 사용할 때 고려해야 하는 요소는 무엇인가요?,"분무식 중밀도 폴리우레탄 폼을 건축물에 사용할 때 고려해야 할 요소는 다양합니다. 먼저, 정확한 조절과 전문가의 기술이 필요합니다. 또한 적절한 환기와 안전 조치가 필요하며, 화재에 대비하여 적절한 방화 처리가 필요합니다. 마지막으로, 사용된 폼의 품질과 내구성, 그리고 건축물의 환경 조건에 따라 적절한 폼을 선택해야 합니다."
대리석 타일을 마감재로 사용하는데 어떤 장점이 있는가?,"대리석 타일을 마감재로 사용하는 장점:

* 고급스러운 외관
* 내구성과 내마모성
* 다양한 색상과 질감
* 가치 향상"
대리석 타일을 마감재로 쓰면 어떤 점이 좋은가요?,"대리석 타일을 마감재로 사용하는 장점은 여러 가지 있습니다. 먼저, 대리석은 고급스러운 외관과 우아한 느낌을 제공하여 고급스러운 분위기를 조성합니다. 또한 내구성이 뛰어나고 높은 열 및 압축 강도를 가지고 있어 오랜 시간 동안 사용할 수 있습니다. 또한 대리석은 다양한 디자인과 색상으로 제공되어 다양한 인테리어 스타일에 적용할 수 있습니다. 마지막으로, 대리석은 유지 보수가 비교적 쉽고 청결을 유지하기 쉽습니다."
"콘크리트 바닥에 에폭시 라이닝을 적용했을 때, 기대할 수 있는 라이닝의 수명은 얼마나 될까요?","에폭시 라이닝의 수명은 적용 환경과 사용 조건에 따라 다르지만, 일반적으로 5~10년 정도입니다."
에폭시 라이닝의 수명을 연장시키기 위해 어떤 유지 보수가 필요한가요?,에폭시 라이닝의 수명을 연장시키기 위해 정기적인 청소와 검사가 필요합니다. 또한 라이닝 표면의 손상을 예방하기 위해 특정 화학 물질과의 접촉을 피하고 고온이나 화학 노출을 제한하는 것이 중요합니다. 또한 라이닝이 손상되었을 경우 즉시 수리하여 더 큰 손상을 방지해야 합니다.
탐화목사이딩은 외부 벽면을 마감하는데 사용되는 재료인가요? 이 재료의 장단점과 유지보수 방법에 대해 알고 싶습니다.,"탐화목사이딩은 목재를 원료로 사용하여 만든 사이딩 재료입니다. 주로 주거용 건물의 외벽 마감에 사용되며, 목재의 자연스러운 질감을 살려 고급스러운 분위기를 연출할 수 있습니다.

탐화목사이딩의 장점은 다음과 같습니다.
- 목재의 자연스러운 질감을 살려 고급스러운 분위기를 연출할 수 있습니다.
- 단열성이 우수하여 에너지 비용을 절감할 수 있습니다.
- 방습성이 우수하여 습기를 차단하고 건강하고 쾌적한 실내 환경을 조성할 수 있습니다.

탐화목사이딩의 단점은 다음과 같습니다.
- 목재를 사용하기 때문에 シロアリ와 곰팡이에 취약할 수 있습니다.
- 정기적인 유지보수가 필요합니다.

탐화목사이딩의 유지보수 방법은 다음과 같습니다.
- 매년 봄과 가을에 탐화목사이딩을 점검하고, 균열이나 곰팡이가 발생한 부분은 즉시 수리합니다.
- 탐화목사이딩을 정기적으로 청소하여 먼지와 이물질을 제거합니다.
- 탐화목사이딩에 방수 처리를 정기적으로 실시하여 습기를 차단합니다."
탐화목사이딩은 외부 벽면을 마감하는데 어떤 특징을 가지고 있나요? 이 재료를 사용함으로써 얻을 수 있는 장점과 주의해야 할 점은 무엇인가요?,"탐화목사이딩은 외부 벽면을 마감할 때 주로 사용됩니다. 이 재료는 내구성이 뛰어나고 적은 유지보수가 필요하며, 화재에 대한 저항력이 뛰어나기 때문에 안전성이 높습니다. 또한 다양한 디자인과 색상으로 제공되어 다양한 스타일의 건물에 적용할 수 있습니다. 그러나 주의해야 할 점은 탐화목사이딩은 비교적 비싸며 설치가 복잡할 수 있으며, 올바른 방법으로 유지 보수되어야 합니다."
왜 워시프라이머가 마감재 작업에서 중요한 역할을 하는 건가요?,"워시프라이머는 마감재 작업에서 중요한 역할을 하는 데, 다음과 같은 이유가 있습니다.

* **흡수성 제어:** 워시프라이머는 표면의 흡수성을 제어하여 고르지 않은 표면에 페인트나 다른 마감재가 고르게 발라지도록 합니다.
* **정착력 향상:** 워시프라이머는 표면과 마감재 사이의 정착력을 개선하여 벗겨지거나 벗겨지는 것을 방지합니다.
* **얼룩 방지:** 워시프라이머는 얼룩이 표면으로 스며드는 것을 막아 내며, 특히 목재나 석고판과 같이 다공성이 있는 표면에서 중요합니다.
* **균열 숨김:** 워시프라이머는 미세한 균열과 결함을 채워서 마감재가 매끄럽고 균일하게 보이도록 합니다.
* **빛 반사 제어:** 워시프라이머는 특정 유형의 마감재, 특히 반광택 또는 매트 마감재의 빛 반사를 줄입니다.

따라서 워시프라이머는 마감재 작업의 전체적인 품질을 향상시키고 수명을 연장하는 필수적인 요소입니다."
워시프라이머가 마감재 작업에서 필수적인 이유는 무엇인가요?,워시프라이머는 마감재 작업에서 필수적입니다. 이것은 표면의 오염물을 제거하고 마감재의 부착력을 향상시키는 역할을 합니다. 또한 워시프라이머는 표면의 흡수성을 줄여서 마감재의 일관된 표면을 보장합니다. 이로써 마감재가 더 강력하게 부착되고 보다 오랜 시간동안 지속될 수 있습니다.
외부 환경으로부터 보온을 유지하는 데에 도움을 주는 비드법 보온판 1종의 장점은 무엇인가요?,"* 단열성 우수: 열전도율이 낮아 외부 환경으로부터 보온을 유지하는 데 효과적입니다.
* 경량화 설치: 경량화 설치가 가능하여 시공이 용이합니다.
* 방수성 및 내구성: 방수성과 내구성을 갖추어 오랜 기간 사용할 수 있습니다.
* 다양한 형태: 다양한 형태로 제작 가능하여 다양한 건물에 사용할 수 있습니다.
* 환경 친화적: 재활용이 가능하여 환경 친화적입니다."
비드법 보온판 1종이 외부 환경으로부터 보온을 유지하는 데에 어떤 방식으로 도움을 줄까요?,"비드법 보온판 1종은 외부 환경으로부터 보온을 유지하는 데에 효과적입니다. 이것은 보온재가 특정한 간격으로 배치되어 있는 구조를 가지고 있어, 열 전도율을 낮추고 열 흐름을 차단합니다. 이로써 외부 온도의 영향을 최소화하고 내부 온도를 안정적으로 유지하여 에너지를 절약하고 편안한 환경을 제공합니다."
인테리어 자재 중에서 층간소음을 방지할 수 있는 마감재는 어떤 것이 있을까요?,"층간소음을 방지할 수 있는 인테리어 자재로는 카펫, 레진 바닥재, 조이스트 시스템 등이 있습니다. 카펫은 충격을 흡수하여 소리를 완화하고, 바닥의 진동을 줄여주는 효과가 있습니다. 레진 바닥재는 특히 흡음 성능이 우수하며, 바닥에 부착될 때 층간소음을 줄여줍니다. 조이스트 시스템은 바닥과 천장 사이에 설치되어 진동을 흡수하여 소리를 감소시킵니다. 이러한 마감재들은 층간소음을 효과적으로 제어하여 건물 내부의 소음을 줄여주는 역할을 합니다."
층간소음을 최소화하는 인테리어 자재는 어떤 것이 있나요?,"층간소음을 최소화하는 인테리어 자재로는 특히 소음 저감 기능이 뛰어난 자재가 필요합니다. 예를 들어, 바닥재로는 고밀도의 쿠션재나 질감이 부드러운 재료를 선택할 수 있으며, 벽면에는 소음을 흡수하는 소재인 고밀도 폴리우레탄 폼, 유리 울, 나일론 등을 사용할 수 있습니다. 또한 천정에는 음향 패널이나 음향 타일을 사용하여 소음을 감소시킬 수 있습니다."
외부 마감재로 사용되는 써모사이딩은 어떤 재료로 만들어지고 어떤 장점을 가지고 있나요?,"써모사이딩은 주로 PVC (폴리비닐염화물)를 주 원료로 사용하여 만들어집니다. 이 재료는 내구성이 뛰어나고 부식에 강하며 쉽게 관리할 수 있습니다. 또한, 써모사이딩은 날씨에 강하고 변색이나 변형되는 것을 방지하여 오랜 기간 동안 아름다운 외관을 유지할 수 있습니다. 뿐만 아니라 열 절연성이 뛰어나서 건물 내부 온도를 안정적으로 유지하고 에너지 효율성을 향상시킬 수 있습니다. 이러한 특성들로 인해 써모사이딩은 외부 마감재로 많이 사용되고 있습니다."
"써모사이딩의 재료 특성은 무엇이며, 외부 마감재로 사용될 때 어떤 효과를 가져다주나요?","써모사이딩은 주로 폴리에스테르와 글라스 섬유로 만들어진 강화된 복합재료입니다. 이 재료는 내구성이 뛰어나고 부식에 강하며, 열 및 소음 절연 특성을 가지고 있습니다. 외부 마감재로 사용될 때, 써모사이딩은 건물을 보호하고 외부 요소로부터 보온과 보안을 제공합니다. 또한 다양한 디자인과 색상으로 제공되어 건물의 외관을 개선하고 고품질의 외부 마감을 제공합니다."
마감재를 선택할 때 하이샤시의 어떤 장점이 도움이 될까요?,"하이샤시의 장점 중 하나는 다양한 마감재를 제공한다는 점입니다. 이는 건축가에게 다양한 디자인 옵션을 제공하여 건물의 독특성을 강조하는 데 도움이 됩니다. 또한, 하이샤시는 내구성이 뛰어나고 유지관리가 용이한 특성을 가지고 있어 건물의 수명을 연장하는 데 도움이 될 수 있습니다."
하이샤시의 어떤 특징이 마감재 선택 시 고려해야 할 중요한 요소인가요?,"하이샤시의 특징 중 하나는 그들의 내구성과 성능입니다. 마감재를 선택할 때 하이샤시를 고려하는 것은 건물의 장기적인 안정성과 에너지 효율성을 고려하는 것을 의미합니다. 높은 품질의 하이샤시는 건물을 보호하고 내구성을 높이며, 열 및 소음 절연 특성을 제공합니다. 따라서 마감재를 선택할 때 하이샤시의 내구성과 성능을 고려하는 것이 중요합니다."
마감재 중에서 가구나 벽면을 마무리하는 데 사용되는 큐블럭은 어떤 재료로 만들어지고 어떤 기능을 가지고 있나요?,"큐블럭은 고밀도 폼을 코팅 처리하여 만든 가구 및 벽면 마감재로, 방수 및 방음 기능을 제공하며, 다양한 색상과 패턴으로 공간 디자인의 다양성을 높이는 데 도움이 됩니다."
가구나 벽면을 마무리하는 데 사용되는 큐블럭의 제조과정은 어떻게 되나요?,"큐블럭의 제조과정은 주로 시멘트, 모래, 그리고 물을 혼합하여 만들어집니다. 이 혼합물은 특별한 몰드에 부어져 형태를 만들고, 그 후 건조되어 딱딱해집니다. 일부 큐블럭은 섬유 시멘트나 다양한 첨가제가 첨가되어 내구성을 향상시키고 가벼워지도록 제작됩니다. 이렇게 제작된 큐블럭은 건축 구조물의 마감재로 사용되며, 다양한 디자인과 색상으로 제공됩니다."
인테리어 마감재 중에서 세라믹 타일을 선택하는 이유는 무엇인가요?,"세라믹 타일은 인테리어 마감재로 선택되는 주요 이유는 내구성, 방수성, 청소 용이성 등이 뛰어나기 때문이다. 또한 다양한 색상, 질감, 패턴으로 제공되어 다양한 디자인 요구 사항에 맞출 수 있다."
세라믹 타일의 인테리어 마감재로 선택되는 이유는 무엇인가요?,"세라믹 타일은 인테리어 마감재로 선택되는 이유는 주로 내구성과 다양한 디자인이라는 점 때문입니다. 세라믹 타일은 수년간 사용해도 변색되거나 손상되지 않으며, 물에 강하고 쉽게 청소할 수 있어 유지 보수가 용이합니다. 또한 다양한 색상, 패턴, 크기, 형태 등의 디자인이 있어 인테리어에 다양한 스타일을 적용할 수 있습니다. 이로써 세라믹 타일은 인테리어에 고급스러움과 품질을 더해줍니다."
카페트 마감재의 유지 보수에 가장 좋은 방법은 무엇인가요?,"카페트 마감재 유지보수 팁:

* 진공 청소기로 먼지와 얼룩을 제거하세요.
* 얼룩이 생기면 즉시 깨끗한 천과 중성 세제로 닦으세요.
* 카페트를 정기적으로 청소하고 진공 청소기로 먼지를 제거하세요.
* 카페트를 햇볕에 너무 많이 노출시키지 마세요."
카페트 마감재의 유지 보수를 위해 권장되는 주기적인 청소 방법은 무엇인가요?,"카페트 마감재를 유지 보수하기 위해 권장되는 주기적인 청소 방법은 매일 먼지 및 이물질을 제거하는 것입니다. 주간에는 진공 청소기를 사용하여 먼지와 이물질을 효과적으로 제거하고, 또한 필요시 스팀 청소를 통해 깊은 청소를 할 수 있습니다. 또한 명시된 청소제를 사용하여 얼룩을 제거하고, 정기적인 프로페셔널 클리닝을 통해 카페트를 심층적으로 청소하는 것이 좋습니다."
압출법 보온판을 마감재로 사용할 때 어떤 장점이 있나요?,"압출법 보온판은 마감재로 사용될 때 몇 가지 장점을 가집니다. 먼저, 이러한 보온판은 경량이며 설치가 간편합니다. 또한, 압출법으로 제조되는 보온판은 형태가 다양하여 다양한 디자인 요구에 부응할 수 있습니다. 또한, 보온성이 우수하여 건물의 단열 효과를 향상시키고 에너지 효율성을 높일 수 있습니다. 더불어, 내구성이 뛰어나고 장기간 유지보수가 필요하지 않습니다. 이러한 장점들로 인해 압출법 보온판은 건물의 외부 및 내부 마감재로 널리 사용되고 있습니다."
압출법 보온판의 마감재로 사용되는 재료는 어떤 것들이 있나요?,"압출법 보온판의 마감재로 사용되는 재료에는 주로 PVC, 알루미늄, 아연 도금강판, 나무판 등이 있습니다. 이러한 재료들은 강도가 높고 내구성이 좋으며, 다양한 환경 조건에 적합합니다. 또한 다양한 디자인과 색상으로 제공되어 다양한 건축 양식에 적용할 수 있습니다."
모노벽돌을 사용할 때 마주치게 되는 각종 단점은 무엇인가요?,"모노벽돌을 사용할 때 마주치는 주요 단점은 비용, 시공 시간, 그리고 유지 보수가 있습니다. 모노벽돌은 일반 벽돌보다 비용이 더 들며, 시공에는 높은 기술이 필요하여 추가 비용이 발생할 수 있습니다. 또한, 시공 과정이 복잡하고 시간이 오래 걸릴 수 있습니다. 또한, 모노벽돌은 표면에 이물질이 쉽게 머물러 변색이나 탈색되는 경우가 있으며, 이를 방지하기 위해 정기적인 유지 보수가 필요할 수 있습니다. 이러한 단점들을 고려하여 모노벽돌을 선택할 때는 장점과 함께 이러한 부작용도 고려해야 합니다."
"모노벽돌의 장점과 단점을 비교했을 때, 어떤 단점이 가장 크다고 생각하시나요?","모노벽돌의 장점은 내구성과 시각적 매력이 강점입니다. 그러나 단점 중에서 가장 큰 것은 비용입니다. 모노벽돌은 비교적 비싼 자재 중 하나로, 설치 비용과 유지 보수 비용이 높을 수 있습니다. 이러한 비용적 측면은 모노벽돌의 선택에 영향을 미칠 수 있습니다."
마감재 카테고리에 맞는 다양한 마감재 중에서 셀룰로오스의 장점은 무엇인가요?,셀룰로오스는 천연 재료로서 생분해성과 재활용성이 뛰어납니다. 또한 흡습성이 뛰어나 실내 환경을 조절하는 데 도움이 됩니다. 또한 가볍고 단열성이 좋아 건축 자재로 사용하기에 적합합니다.
셀룰로오스를 사용한 마감재의 생산과정은 어떻게 되나요?,"셀룰로오스를 사용한 마감재의 생산과정은 다음과 같습니다. 먼저, 재활용된 종이나 나무 섬유를 수집하고 분쇄하여 섬유를 추출합니다. 그 후, 섬유는 화학적 처리를 통해 셀룰로오스로 변환됩니다. 이러한 셀룰로오스는 다양한 첨가제와 혼합되어 마감재의 특성을 결정하는 과정을 거칩니다. 마지막으로, 형태를 만들고 건조하여 마감재를 생산합니다. 이러한 생산과정을 통해 셀룰로오스를 사용한 다양한 종류의 마감재가 제조됩니다."
인테리어 마감재를 선택할 때 강마루를 사용하는 이유는 무엇인가요?,"목재의 고유한 질감과 따뜻함, 내구성과 손쉬운 유지 관리"
강마루를 사용하는 인테리어 디자인의 장점은 무엇인가요?,"강마루를 사용하는 인테리어 디자인의 장점은 주로 내구성과 품질입니다. 강마루는 고온이나 습기에 강하며, 마모에도 강한 특성을 가지고 있어 오랜 시간 동안 사용할 수 있습니다. 또한 강마루는 다양한 디자인과 색상으로 제공되어 다양한 공간에 적용할 수 있습니다. 이로써 강마루를 사용한 인테리어 디자인은 고급스럽고 품격 있는 분위기를 조성할 수 있습니다."
마감재 카테고리에 맞는 왜 마루를 선택하는 것이 인테리어 디자인에 있어서 중요한 결정인가요?,"마루는 공간의 전체적인 분위기를 결정하는 중요한 요소입니다. 마루의 질감, 색상, 패턴 등을 잘 선택하면 공간에 통일감과 조화를 줄 수 있습니다. 또한, 마루는 방음, 단열, 미끄럼 방지 등 실용적인 기능도 갖추고 있어 실내 환경을 개선하는 데 도움을 줄 수 있습니다."
마감재 카테고리에 따라 인테리어 디자인이 어떻게 변화되나요?,"마감재 카테고리에 따라 인테리어 디자인은 다양하게 변화합니다. 예를 들어, 목재나 돌 같은 자연 소재를 사용할 경우 자연스러운 분위기를 조성할 수 있으며, 금속이나 유리와 같은 현대적인 소재를 활용하면 현대적이고 세련된 느낌을 줄 수 있습니다. 또한 색상, 질감, 패턴 등의 다양한 디자인 요소를 조합하여 각각의 마감재 카테고리에 따라 고유한 분위기를 만들어낼 수 있습니다."
몰딩은 건물 내부나 외부를 꾸미거나 보호하기 위한 재료로 사용됩니다. 하우스의 마감재로 몰딩은 건축물의 외형을 개선하고 보호하기 위한 역할을 합니다. 그러나 몰딩은 또한 인테리어 디자인의 중요한 요소로 사용될 수도 있습니다. 몰딩의 주요 기능은 무엇일까요?,"몰딩의 주요 기능은 건물 내부나 외부를 꾸미고 보호하는 것뿐만 아니라, 인테리어 디자인에도 중요한 역할을 합니다. 몰딩은 건축물의 외형을 개선하고 아름답게 꾸며주며, 동시에 벽면과 천장 사이의 연결 부분을 감추고 간결한 외관을 만들어냅니다. 또한, 몰딩은 공간의 높낮이를 부각시켜주고 전체적인 분위기를 조절하는데 도움이 됩니다. 따라서 몰딩은 건물의 외관을 더욱 아름답게 만들어주는 것뿐만 아니라, 인테리어의 미적 가치를 높여주는 중요한 요소입니다."
몰딩은 건물 내부나 외부를 꾸미거나 보호하기 위한 재료로 사용됩니다. 하우스의 마감재로 몰딩은 건축물의 외형을 개선하고 보호하기 위한 역할을 합니다. 그러나 몰딩은 또한 인테리어 디자인의 중요한 요소로 사용될 수도 있습니다. 몰딩을 제작하는 데 사용되는 주요 재료는 무엇인가요?,"몰딩은 주로 목재, 폴리우레탄, 플라스틱, 금속 등의 재료로 제작됩니다. 목재 몰딩은 전통적이고 고급스러운 느낌을 주며, 다양한 디자인이 가능합니다. 폴리우레탄 몰딩은 경제적이고 가벼우며, 다양한 모양과 패턴으로 제공됩니다. 플라스틱 몰딩은 내구성이 좋고 저렴하며, 금속 몰딩은 현대적이고 견고한 느낌을 줍니다. 이러한 재료는 건물 외관을 개선하고 보호하는 역할을 하면서도 인테리어 디자인에도 활용됩니다."
마감재 중 판 진동형은 어떤 재료로 만들어지고 어떤 특징을 가지고 있나요?,"판 진동형 마감재는 일반적으로 두 개의 금속판으로 구성되어 있으며, 금속판 사이는 음향 차단재인 섬유 또는 폼으로 채워져 있습니다. 이러한 구조는 소음을 효과적으로 흡수하고 차단하는 데 도움이 됩니다.

판 진동형 마감재의 주요 특징은 다음과 같습니다.

* **음향 성능이 우수:** 소음을 효과적으로 흡수하고 차단할 수 있습니다.
* **내화성:** 화재 상황에서도 안전하게 사용할 수 있습니다.
* **내구성:** 내구성이 뛰어나고 장기간 사용할 수 있습니다.
* **다양한 표면 처리:** 다양한 색상과 질감으로 마감 처리할 수 있습니다.
* **가벼움:** 비교적 가벼워 취급 및 설치가 용이합니다."
"판 진동형의 재료 특성은 무엇이며, 어떤 제조 기술이 사용되나요?","판 진동형의 재료 특성은 주로 고밀도의 시멘트와 모래가 혼합된 콘크리트입니다. 이러한 혼합물은 특별한 몰드에 부어져 형태를 만들고, 그 후 진동장치를 사용하여 공기 포함물을 제거하고 밀착성을 향상시킵니다. 이후 건조 과정을 거쳐 판 진동형이 생산됩니다."
마감재에 대한 인테리어 디자인에서 대리석 마감재의 장단점은 무엇인가요?,"대리석 마감재의 장단점은 다음과 같습니다.

장점:

* 고급스럽고 우아한 외관
* 내구성이 뛰어나고 오래 지속 가능
* 다양한 색상과 패턴이 있어 다양한 디자인에 적합
* 열을 잘 전달하여 시원함을 유지
* 화재에 강함

단점:

* 가격이 비쌈
* 설치 및 유지 관리가 어려움
* 얼룩이 잘 묻고 긁힘에 취약함
* 산성 물질에 약함"
대리석 마감재를 사용할 때 주의해야 할 점은 무엇인가요?,대리석 마감재를 사용할 때 주의해야 할 점은 주로 유지 보수와 내구성에 관련됩니다. 대리석은 자연석으로서 다른 재료에 비해 더 많은 관리가 필요합니다. 접촉성이 강하고 흡수율이 높아 얼룩이 생길 수 있으므로 물과 기름 등의 액체에 주의해야 합니다. 또한 표면이 거칠어지거나 변색될 수 있으므로 적절한 보호와 정기적인 클리닝이 필요합니다.
발포우레탄폼을 마감재로 사용하는데 어떤 장점이 있나요?,"* 단열성이 뛰어나 에너지 비용을 절감할 수 있습니다.
* 방음성능이 우수하여 소음을 차단해줍니다.
* 가볍고 시공이 용이하여 공사 기간을 단축할 수 있습니다.
* 다양한 표면 처리가 가능하여 다양한 디자인을 구현할 수 있습니다."
발포우레탄폼을 마감재로 사용할 때 고려해야 할 주요 사항은 무엇인가요?,"발포우레탄폼을 마감재로 사용할 때 주요 사항은 주로 안전과 접착력입니다. 발포우레탄폼은 화재의 위험이 있으므로 화재로부터 보호되는 장소에서 사용해야 합니다. 또한 적절한 접착제를 사용하여 견고하게 부착되도록 해야 합니다. 마감재로 사용될 때 폼이 충분히 건조되도록 시간을 주고, 표면이 평평하고 균일하게 마감되도록 주의해야 합니다."
셀룰로오스 단열재는 건물의 마감재로 사용될 때 왜 중요한가요?,"셀룰로오스 단열재는 건물의 마감재로 사용될 때 다음과 같은 이점을 제공합니다.

* **높은 단열 성능:** 셀룰로오스 단열재는 다른 단열재보다 높은 단열 성능을 제공합니다. 이는 셀룰로오스 섬유가 열을 잘 전달하지 않기 때문입니다.
* **흡음성:** 셀룰로오스 단열재는 흡음성이 뛰어납니다. 이는 셀룰로오스 섬유가 소리를 잘 흡수하기 때문입니다.
* **방화성:** 셀룰로오스 단열재는 방화성이 뛰어납니다. 이는 셀룰로오스 섬유가 화재에 강하기 때문입니다.
* **환경 친화성:** 셀룰로오스 단열재는 환경 친화적입니다. 이는 재생 가능한 자원인 신문지로 만들어지기 때문입니다."
셀룰로오스 단열재가 건물 마감재로 사용될 때 어떤 장점이 있나요?,"셀룰로오스 단열재가 건물 마감재로 사용될 때 주요 장점은 효율적인 단열성과 환경 친화적인 특성입니다. 이 재료는 열전도율이 낮아 온도 변화를 완화하고 에너지 소비를 줄여줍니다. 또한 재활용된 종이로 제작되어 친환경적이며, 건물 내부의 습도를 조절하여 건강한 실내 환경을 유지하는 데 도움이 됩니다."
완전히 시공된 포세린 타일의 색상이 시간이 지나도 변하지 않고 오랫동안 유지되는 이유는 무엇인가요?,"완전히 시공된 포르셀레인 타일의 색상이 시간이 지남에 따라 변하지 않고 장기간 유지되는 이유는 타일 제작 과정에서 사용되는 원료와 제조 공정 때문입니다. 포르셀레인 타일은 점토, 장석, 사장 등의 원료를 고온에서 소성하여 제작합니다. 이러한 소성 과정에서 타일의 표면에 유리질 유약이 형성되며, 이 유약이 타일의 색상을 보호하는 역할을 합니다. 또한, 포르셀레인 타일은 흡수율이 매우 낮아 얼룩이나 변색이 발생하기 어렵습니다. 이러한 특성 덕분에 포르셀레인 타일은 오랫동안 색상이 유지되고 내구성이 뛰어납니다."
포세린 타일의 내구성이 뛰어난 이유는 무엇인가요?,"포세린 타일의 내구성이 뛰어난 이유는 주로 재료의 특성과 제조 과정에 있습니다. 포세린 타일은 고온에서 소성된 도자기로 만들어져서 물과 압력에 강합니다. 이러한 소성 과정은 타일을 밀도 높게 만들어내어 내구성을 높이고, 표면에 유리같은 반들반들한 외부를 형성하여 내구성과 방수성을 향상시킵니다. 그 결과 포세린 타일은 긴 수명과 뛰어난 내구성을 보장합니다."
우리 집의 대리석 바닥재는 얼마나 오래 지속될 것이라고 예상할 수 있을까요?,"대리석 바닥재의 수명은 다음과 같은 요인에 따라 달라집니다.

* 대리석의 유형
* 설치 품질
* 유지 보수
* 교통량

일반적으로 고품질의 대리석이 제대로 설치되고 잘 관리된 경우 50년 이상 지속될 수 있습니다. 그러나 교통량이 많은 지역에 설치되거나 제대로 유지되지 않는 경우에는 수명이 더 짧을 수 있습니다."
대리석 바닥재의 유지 보수 비용은 어느 정도일까요?,"대리석 바닥재의 유지 보수 비용은 주로 고가입니다. 대리석은 고가의 자연석으로, 유지 보수 비용은 다른 바닥재에 비해 높을 수 있습니다. 정기적인 청소와 유지 보수가 필요하며, 특히 셀프 테스트나 특수한 세척 방법이 필요할 수 있습니다. 또한 셀룰로오스나 PVC와 같은 대체재에 비해 수명이 짧을 수 있으므로 장기적인 관점에서 비용을 고려해야 합니다."
"완전히 시멘트와 비교했을 때, 아스팔트슁글의 내구성 측면에서 어떤 장점이 있나요?",아스팔트슁글은 시멘트보다 내구성이 우수하여 장기적인 유지보수 비용이 적습니다.
아스팔트슁글의 내구성 측면에서 어떤 재료가 사용되어 더 향상되었나요?,"아스팔트 슁글의 내구성을 향상시키기 위해 보편적으로 사용되는 재료는 글라스피버입니다. 글라스피버는 유리 섬유로 만들어진 강화된 폴리머이며, 높은 강도와 내구성을 제공합니다. 이 재료는 아스팔트 슁글의 유연성과 방수성을 향상시키고, 장기간에 걸쳐 내구성을 유지하는 데 도움이 됩니다. 따라서 글라스피버가 사용되면 아스팔트 슁글의 수명이 더욱 길어지고 성능이 향상될 수 있습니다."
마감재 카테고리를 참고하여 해당 카테고리에 맞는 완전히 새로운 질문을 창작해주세요.,"카테고리: 마감재

새로운 질문: 외부 마감재로 사용되는 우드 컴포지트 패널은 어떤 재료로 만들어지며, 그 장점은 무엇인가요?"
마감재 중에서 가장 인기 있는 제품은 무엇인가요?,"마감재 중에서 가장 인기 있는 제품은 대리석입니다. 대리석은 고급스러운 외관과 품질, 내구성을 갖추고 있어 많은 사람들에게 선호됩니다. 그러나 각 지역 및 사용 목적에 따라 선호도가 다를 수 있으며, 셀룰로오스, PVC, 나무, 세라믹 타일 등도 인기 있는 마감재로 자리잡고 있습니다."
완전히 외부 벽돌 마감재로 청고벽돌을 사용하는 장점은 무엇인가요?,"다음은 청고벽돌을 마감재로 활용할 때의 장점입니다:

- 내구성: 벽돌은 매우 내구성 있는 재료로 장시간 견딜 수 있습니다.
- 저렴함: 청벽돌은 비교적 저렴한 비용으로 시공할 수 있습니다.
- 다양성: 청고벽돌은 다양한 색상과 스타일로 제공되므로 다양한 건물 디자인에 적합합니다.
- 방수성: 청고벽돌은 방수성이 뛰어나므로 습기가 많은 지역에도 적합합니다.
- 절연성: 청고벽돌은 절연성이 뛰어나므로 건물의 에너지 효율성을 높이는 데 도움이 됩니다."
외부 벽돌 마감재로 사용되는 청고벽돌의 내구성은 어떻게 되나요?,"청고벽돌은 외부 벽돌 마감재로 널리 사용되며 뛰어난 내구성을 자랑합니다. 이러한 벽돌은 고온에서 소성된 세라믹으로 만들어져 있어 내구성이 높고, 압력과 습기에 강합니다. 또한 색상이 변하지 않으며, 장기간에 걸쳐 변색이나 부식이 거의 없어서 외부 환경의 영향을 잘 견딜 수 있습니다. 따라서 청고벽돌은 건물의 외부를 보호하고 아름다운 외관을 유지하는 데 효과적인 마감재로 사용됩니다."
마감재 중에서 외피를 보호하고 장식하는 역할을 하는 아트보드의 특징은 무엇인가요?,"아트보드는 다음과 같은 특징을 가지고 있습니다.

* 가볍고 내구성이 뛰어남
* 다양한 색상과 질감으로 표현 가능
* 방수, 방습 기능으로 외벽 보호에 효과적
* 시공 및 유지 관리가 용이
* 건축물의 미적 가치 향상에 기여"
아트보드의 장식적인 효과를 높이기 위해 어떤 종류의 재료가 주로 사용되나요?,"아트보드의 장식적인 효과를 높이기 위해 주로 아크릴, 유리, 금속, 목재 등의 재료가 사용됩니다. 이러한 재료들은 다양한 표면 특성과 색상을 제공하여 다양한 디자인을 구현할 수 있습니다. 아크릴은 투명하고 가벼우며 다양한 색상으로 제공되어 화려한 효과를 줄 수 있습니다. 유리는 깨끗하고 세련된 외관을 제공하며, 금속은 강인하고 현대적인 느낌을 줄 수 있습니다. 목재는 자연스러운 텍스처와 따뜻한 분위기를 전달하여 고급스러운 느낌을 줄 수 있습니다."
가장 강하면서도 저렴한 마감재는 무엇일까요?,"가장 강하면서도 저렴한 마감재로는 시멘트보드가 있습니다. 시멘트보드는 시멘트, 섬유소재, 및 기타 첨가물을 혼합하여 만들어지며, 그것의 내구성과 강도는 건축물의 외부 및 내부에 사용하기에 적합합니다. 또한 시멘트보드는 비교적 저렴하고 가격이 경쟁력이 있어 다양한 건축 프로젝트에서 경제적인 선택으로 고려될 수 있습니다."
가장 강하면서도 비용 효율적인 마감재는 무엇인가요?,"가장 강하면서도 비용 효율적인 마감재로는 콘크리트가 있습니다. 콘크리트는 높은 강도를 가지고 있어 내구성이 뛰어나며, 다양한 환경에서 사용될 수 있습니다. 또한 비교적 저렴한 재료로 제작되어 비용 효율적입니다. 콘크리트는 다양한 형태와 디자인으로 제공되어 다양한 건축 양식에 적용할 수 있습니다. 따라서 콘크리트는 건축 프로젝트에서 강하고 경제적인 선택으로 인정받고 있습니다."
외부 마감재로 사용되는 탄화목사이딩의 내구성이 어떤 장점을 가지고 있나요?,탄화목사이딩은 내구성이 강하여 풍화나 곤충에 강해 장기간 사용이 가능합니다. 또한 화재에 강하여 화재 시에도 안전합니다.
탄화목사이딩의 내구성을 향상시키기 위해 어떤 방법이 사용되나요?,탄화목사이딩의 내구성을 향상시키는 방법 중 하나는 열처리 공정입니다. 이 프로세스는 목재를 고온과 고압으로 처리하여 목재의 내구성과 내마모성을 향상시킵니다. 또한 특별한 접착제 및 밀폐 처리를 통해 수분의 흡수를 최소화하고 곰팡이 및 곤충의 침입을 방지합니다. 이러한 처리는 탄화목사이딩의 수명을 연장하고 유지보수 비용을 줄이는 데 도움이 됩니다.
 샤시가 건물 구조물에서 어떤 역할을 하는가요?,"샤시는 건물 구조에서 하중을 지지하고 전달하는 주요 역할을 합니다. 건물의 무게와 외력을 지탱하며, 하중을 기초로 효율적으로 분배하여 건물의 안정성과 내구성을 유지하는 데 필수적입니다."
건물 구조물에서 샤시가 가장 중요한 기능은 무엇인가요?,"건물 구조물에서 샤시의 가장 중요한 기능은 외부 요소로부터 실내를 보호하는 것입니다. 샤시는 외부 환경으로부터의 열, 빛, 소음, 먼지 및 수분을 차단하여 건물 내부의 안락함과 안전을 유지합니다. 또한 적절한 샤시는 에너지 효율성을 향상시키고 건물의 내구성을 보호하는 역할을 합니다. 따라서 샤시의 설계와 재료 선택은 건물의 기능과 효율성에 중요한 영향을 미칩니다."
목모보드를 사용하여 다공질 흡음재를 만드는 방법에는 어떤 것이 있나요?,"목모보드를 사용하여 다공질 흡음재를 만드는 방법 중 하나는 목재 섬유를 압축하여 다양한 크기와 형태의 구멍을 만드는 것입니다. 이후에, 이 구멍을 채우기 위해 다양한 소재를 사용할 수 있으며, 그 중에는 섬유 유리, 섬유 아세톤, 또는 기타 흡음재 소재를 사용할 수 있습니다. 이렇게 제작된 목모보드는 공간 내의 소음을 흡수하여 효과적으로 소음을 감소시킬 수 있습니다."
목모보드를 사용하여 다공질 흡음재를 만드는데 가장 효과적인 방법은 무엇인가요?,목모보드를 사용하여 효과적인 다공질 흡음재를 만드는 방법 중 하나는 다양한 크기와 형태의 구멍이나 갈림길을 포함하는 것입니다. 이러한 다공질 구조는 소리를 흡수하고 분산시키는 데 도움이 됩니다. 또한 목재의 밀도와 두께를 조절하여 원하는 음향 특성을 얻을 수 있습니다. 다양한 모서리와 각도를 가진 패널을 사용하여 소리의 반사를 최소화하고 흡수를 최대화할 수 있습니다. 이러한 설계는 효과적인 음향 제어를 위해 목모보드를 활용하는 데 도움이 됩니다.
마감재 중에서 환경 친화적이면서도 효율적인 솔루션은 무엇일까요?,"마감재 중에서 환경 친화적이면서도 효율적인 솔루션은 재생 가능한 자원을 활용한 재료입니다. 예를 들어, 자연 소재인 우드 컴포지트 데크링이 그 예입니다. 이는 재생 나무와 플라스틱을 혼합하여 제작되어 자연 친화적이면서 내구성과 유지보수 편의성을 결합합니다. 또한 태양광 에너지를 활용한 에너지 효율적인 건물 재료도 친환경적이고 효율적인 선택으로 평가됩니다."
환경 보호를 위해 마감재에 어떤 친환경 솔루션이 사용되고 있나요?,"환경 보호를 위해 사용되는 친환경 마감재 중 일부에는 재활용된 자재를 사용하거나 친환경 인증을 받은 자연 소재가 포함됩니다. 예를 들어, 재활용된 목재, 친환경 페인트, 자연 돌재료 등이 많이 사용됩니다. 또한 친환경 마감재는 화학 물질이나 유해 물질을 최소화하고 생산 과정에서 에너지를 절약하는 등 환경에 미치는 영향을 최소화하는 데 중점을 두고 있습니다. 이러한 친환경 솔루션은 건축물의 지속 가능성을 높이는 데 도움이 됩니다."
원목사이딩의 장점과 단점은 무엇인가요?,"원목 사이딩의 주요 장점은 자연적인 미적인 효과와 내구성이 뛰어나며, 열 및 소음을 효과적으로 차단하는 단열성이 있습니다. 또한 페인트가 잘 발라지며 유지보수가 비교적 쉽습니다. 그러나 단점으로는 곤충이나 곰팡이 등의 해충에 취약하고, 특히 습기가 많은 환경에서 부식될 수 있습니다. 추가적으로 높은 유지보수 비용과 가격도 고려해야 합니다."
원목사이딩을 선택하는 이유는 무엇인가요?,"바닥재는 안정성과 내구성을 제공하며 자연스러운 느낌을 전합니다. 원목사이딩은 환경에 더 잘 어울리며 건물의 디자인을 향상시킵니다. 또한, 자연적인 특성으로 인해 통기성과 단열성을 높여주어 건물 내부의 온도와 습도를 유지하는 데 도움이 됩니다."
목재 바닥재의 수명은 얼마나 되나요?,"목재 바닥재의 수명은 사용된 목재의 종류, 유지보수 정도, 사용 환경 등에 따라 다를 수 있습니다. 일반적으로, 잘 관리된 목재 바닥재는 20년 이상 지속될 수 있습니다. 그러나 사용 빈도, 압력, 습기 등 외부 요인이 수명에 영향을 미칠 수 있으므로, 정기적인 유지보수와 적절한 보호 층을 적용하여 수명을 연장할 수 있습니다."
목재 바닥재는 언제까지 쓸 수 있나요?,"목재 바닥재의 수명은 사용된 목재의 종류, 보존 방법, 그리고 사용 환경에 따라 달라집니다. 일반적으로 잘 관리된 목재 바닥재는 수십 년 동안 사용할 수 있습니다. 그러나 주기적인 유지 보수와 정기적인 관리가 필요하며, 특히 습기나 온도 변화가 심한 환경에서는 더 많은 관리가 필요할 수 있습니다."
완전히 마감재로 사용되는 벽지가 변색되는 원인에는 어떤 것들이 있나요?,"완전히 마감재로 사용되는 벽지가 변색되는 주요 원인은 일광에 노출되거나 습기에 노출되는 것입니다. 또한 화학 물질 또는 흡연으로 인한 오염, 부식이나 파손 등도 원인이 될 수 있습니다. 잘못된 청소 방법이나 사용된 재료의 품질 문제도 변색을 유발할 수 있습니다. 따라서 적절한 관리와 유지보수가 중요합니다."
완전히 마감재로 사용되는 벽지의 변색을 방지하기 위한 방법은 무엇이 있나요?,"벽지의 변색을 방지하기 위해 UV차단 처리된 벽지를 선택하거나, 창문에 UV차단 필름을 부착하여 직사광선을 차단할 수 있습니다. 또한, 벽지가 직접 태양 빛을 받는 부분에는 방해되는 물건을 배치하거나 커튼 등을 사용하여 직접적인 태양광을 피할 수 있습니다."
외부 벽돌을 사용할 때 청고 벽돌의 장점에 대해 알려주시겠어요?,청고 벽돌은 외부 벽돌로 사용될 때 우수한 내구성과 저흡수성을 제공하여 건물을 보호하는 데 효과적입니다. 이러한 특성으로 인해 청고 벽돌은 날씨 변화에 강하고 오랜 기간 사용할 수 있습니다. 또한 그 색상과 질감은 자연스럽고 매력적인 외관을 만들어내어 건물의 시각적인 매력을 향상시킵니다.
요즘 트렌드에 맞춘 인테리어 디자인에서 가장 인기 있는 소품은 무엇인가요?,"요즘 트렌드에 맞춘 인테리어 디자인에서 가장 인기 있는 소품은 식물이나 식물 모티프의 소품입니다. 실내에 식물을 배치하면 공간을 생동감 있게 만들어주고 자연스러운 분위기를 조성합니다. 또한, 지속 가능한 소재로 만들어진 소품이나 수공예품도 인기가 있습니다."
탄화목과 방부목 중 어떤 마감재가 노후에 더 오랜 시간 동안 지속되는가?,"탄화목이 방부목보다 노후에 더 오랜 시간 동안 지속될 가능성이 높습니다. 탄화목은 고온에서 처리되어 내구성과 내충격성이 향상되며, 곤충이나 곰팡이 등의 해충에도 저항력이 높습니다. 이에 비해 방부목은 특정 화학처리를 통해 내구성을 높이지만, 시간이 지나면 그 효과가 감소할 수 있습니다."
"노후에 오랜 시간 동안 지속되는 마감재를 선택할 때, 탄화목과 방부목 중 어떤 것을 선호해야 할까요?","노후에 오랜 시간 동안 지속되는 마감재를 선택할 때, 방부목을 선호해야 합니다. 방부목은 자연적인 내구성과 보존 능력으로 유명하며, 수명이 오래가는 데 도움이 됩니다. 또한, 방부목은 화재에 대한 내성이 뛰어나고 수분과 해충에도 더 잘 견디는 경향이 있습니다."
뮤럴벽지를 사용하는 방법과 장점에 대해서 알려주세요.,"뮤럴 벽지는 벽면에 아트워크나 패턴을 쉽게 적용할 수 있는 장점이 있습니다. 사용 방법은 먼저 벽면을 청소하고 페인트로 베이스 코팅한 후, 뮤럴 벽지를 표면에 부착하면 됩니다. 이는 공간에 개성을 부여하고, 흥미로운 시각적 요소를 추가하여 인테리어를 개선합니다. 또한 뮤럴 벽지는 장소를 확장하거나 분위기를 변경하는 데 효과적입니다."
뮤럴벽지의 역사와 유래는 무엇인가요?,"뮤럴 벽지의 역사는 고대부터 시작되었습니다. 고대 그리스와 로마 시대에는 벽화가 일반적이었고, 중세 시대에는 성당과 궁전 등에서 벽화가 발전하였습니다. 그 후 루네스코, 미켈란젤로, 레오나르도 다 빈치와 같은 화가들이 유명한 벽화를 그렸습니다. 18세기에는 벽지 제조가 현대적인 방식으로 개선되었고, 뮤럴 벽지가 대중화되었습니다. 오늘날에는 예술적인 뮤럴 벽지와 기능적인 벽지가 모두 인기를 끌고 있습니다."
천연마루 바닥재의 내구성은 얼마나 되나요?,"천연 마루 바닥재의 내구성은 주로 사용된 나무의 종류와 마감 처리 방법에 따라 달라집니다. 일반적으로, 잘 관리된 천연 마루 바닥은 20년 이상의 수명을 가질 수 있습니다. 그러나 고주파 지역이나 고밀도의 사용 지역에서는 더 자주 보수할 필요가 있을 수 있습니다. 지속적인 관리와 정기적인 보수로 내구성을 유지할 수 있습니다."
천연마루 바닥재를 유지하는 데 필요한 유지보수 비용은 얼마인가요?,"천연 마루 바닥재의 유지 보수 비용은 다양한 요인에 따라 달라집니다. 주로 필요한 유지 보수 작업은 마루의 깨끗함을 유지하기 위한 일상 청소, 마루의 보호를 위한 특수 세정제나 왁스 처리, 그리고 필요에 따라 나무 결점을 보수하는 등입니다. 전문가의 도움이 필요한 경우도 있으며, 이러한 비용은 지역, 마루의 크기와 상태에 따라 다를 수 있습니다."
"마감재 카테고리에 맞는 새로운 질문:
페인트 하도재를 선택할 때 가장 중요한 요소는 무엇인가요? 그리고 효과적인 페인트 하도재의 사용 방법에 대해 알려주세요.",페인트 하도재를 선택할 때 가장 중요한 요소는 표면의 상태와 환경입니다. 표면을 깨끗하게 처리하고 적절한 바탕재를 사용하여 부식을 방지하고 페인트의 밀착력을 향상시킵니다. 또한 올바른 페인트 종류와 적절한 두께로 바르는 것이 중요합니다. 효과적인 페인트 하도재의 사용 방법은 페인트를 여러 층으로 바르고 각 층이 완전히 마르면 다음 층을 바르는 것입니다. 정확한 기술과 적절한 보호층을 적용하여 페인트의 내구성과 외관을 유지할 수 있습니다.
"페인트 하도재의 주요 재료는 무엇이며, 이 재료가 페인트의 내구성에 어떤 영향을 미치는지 알려주세요.","페인트 하도재의 주요 재료는 주로 아크릴 수지, 폴리우레탄 수지, 그리고 소매치기 등이 사용됩니다. 이러한 재료는 페인트의 내구성과 마찰 저항력을 결정합니다. 아크릴 수지는 페인트의 내구성을 향상시키고 색상의 밝기를 유지하는 데 도움이 되며, 폴리우레탄 수지는 페인트의 튼튼함과 내마모성을 향상시키는 역할을 합니다. 소매치기는 페인트가 부드럽게 발리고 마찰 저항력이 높아지도록 돕습니다."
내단열이 마감재에서 왜 중요한가요?,"내단열은 마감재에서 중요한 요소입니다. 올바른 내단열 솔루션은 건물의 열 손실을 최소화하고 에너지 효율성을 향상시킵니다. 또한 내단열은 실내 환경을 안정화시켜 편안한 공간을 제공하며, 건물의 내구성을 향상시킵니다. 효과적인 내단열은 건축물의 에너지 소비를 줄이고 환경에 친화적인 건축을 실현하는 데 도움이 됩니다."
마감재에서 내단열이 중요한 이유는 무엇인가요?,"마감재에서 내단열이 중요한 이유는 건물 내부의 온도와 습도를 제어하고 에너지 효율성을 향상시키기 위함입니다. 적절한 내단열을 갖춘 마감재는 외부 온도 변화로부터 건물을 보호하고 내부의 온도를 안정화시켜 편안한 환경을 유지할 수 있습니다. 또한, 내단열이 잘 되어있는 마감재는 난방 및 냉방 비용을 절감하고 환경에도 친화적입니다."
우드 사이딩과 시멘트 사이딩의 장점과 단점에는 무엇이 있나요?,"우드 사이딩의 장점은 자연스러운 미적 효과와 가벼운 무게입니다. 그러나 오랜 사용 시 부식과 변색이 발생할 수 있으며, 유지보수가 필요합니다. 시멘트 사이딩은 내구성이 뛰어나고 화재에 강합니다. 그러나 무게가 무거워 설치가 어렵고, 추가적인 보호층이 필요할 수 있습니다."
우드 사이딩과 시멘트 사이딩 중에서 가격 대비 내구성이 뛰어난 것은 무엇인가요?,"우드 사이딩과 시멘트 사이딩 중에서는 시멘트 사이딩이 가격 대비 내구성이 뛰어납니다. 시멘트 사이딩은 더욱 강력하고 내구성이 뛰어나며, 부식이나 해충에 강합니다. 또한, 화재에 대한 내성이 뛰어나고 장기간 유지보수가 필요하지 않습니다. 이에 비해 우드 사이딩은 부식이나 해충에 취약하고, 주기적인 관리와 보수가 필요합니다."
마감재 중에서 리얼징크의 단점은 무엇인가요?,"리얼 징크의 주요 단점은 부식이 발생할 수 있다는 것입니다. 특히 금속의 특성상 시간이 지남에 따라 부식이 생길 수 있고, 환경 요인에 따라 부식이 더 빨리 진행될 수 있습니다. 또한 부식이 발생하면 외관이 손상되고, 수명이 단축될 수 있습니다. 이러한 단점을 최소화하기 위해 적절한 보호층이나 정기적인 유지보수가 필요합니다."
리얼징크의 마감재가 가지는 장점은 무엇인가요?,"리얼징크 마감재의 장점은 내구성과 내마모성이 뛰어나다는 것입니다. 이 마감재는 튼튼하고 금속적인 특성을 가지며, 기후변화나 외부 요인에도 잘 견디어내어 오랜 기간 사용할 수 있습니다. 또한, 화재에 대한 내성이 뛰어나고 유지보수가 간편하며 친환경적입니다. 이러한 이점들은 건물의 외관과 내부 환경을 보호하고 지속 가능한 건축에 기여합니다."
세라믹 타일과 대리석 마감재의 차이는 무엇인가요?,"세라믹 타일과 대리석 마감재의 주요 차이는 재료입니다. 세라믹 타일은 인공적으로 만들어진 재료로 내구성이 뛰어나고 유지보수가 쉽습니다. 반면에 대리석은 자연석으로서 고가의 소재로, 고급스러운 미적 효과를 제공하며 내구성이 높지만 유지보수가 필요합니다. 또한 세라믹 타일은 다양한 색상과 패턴으로 선택할 수 있지만, 대리석은 각기 고유한 미묘한 디자인과 패턴을 가집니다."
세라믹 타일과 대리석 마감재 중 어떤 것을 선택하는 것이 더 효율적인가요?,세라믹 타일과 대리석 마감재 중에서는 사용 목적과 환경에 따라 다릅니다. 세라믹 타일은 내구성이 뛰어나고 유지보수가 쉽습니다. 대리석은 고급스러운 느낌을 주고 자연스러운 아름다움을 제공합니다. 따라서 주변 환경과 디자인 측면을 고려하여 선택해야 합니다.
하이샤시를 사용하여 나무 가구를 만들 때 어떤 장점이 있나요?,"하이샤시를 사용하여 나무 가구를 만드는 장점은 주로 내구성과 안정성에 있습니다. 하이샤시는 강화된 구조로 튼튼하며, 금속과 나무를 결합하여 높은 강도와 안정성을 제공합니다. 또한 디자인적인 유연성이 뛰어나 다양한 스타일의 가구를 제작할 수 있으며, 장시간 사용해도 변형이나 휘어짐이 적습니다."
하이샤시 기술을 활용한 나무 가구 제작 시 어떤 디자인적 특징을 고려해야 하나요?,"하이샤시 기술을 활용한 나무 가구 제작 시 중요한 디자인적 특징은 강도와 안정성을 고려해야 합니다. 나무 소재의 특성을 최대한 살려서 구조를 설계하고, 견고한 조인트와 지지체계를 활용하여 안정성을 확보해야 합니다. 또한, 세련된 디자인과 현대적인 스타일을 결합하여 고객의 취향과 공간에 적합한 가구를 제작해야 합니다."
인테리어 디자인에서 페놀폼 보드는 어떤 용도로 사용되나요?,"인테리어 디자인에서 페놀폼 보드는 주로 단열재로 사용됩니다. 이 보드는 건물의 외부 및 내부 벽면, 천장, 바닥 등에 사용되어 열전달을 차단하고 에너지 효율성을 향상시킵니다. 또한 페놀폼 보드는 경량이면서도 강도가 뛰어나기 때문에 설치가 용이하며 다양한 디자인 요소에 적용할 수 있습니다."
페놀폼 보드의 재료는 무엇으로 만들어지나요?,페놀폼 보드는 주로 폴리우레탄 또는 폴리이소시아네이트와 같은 폴리머 소재로 만들어집니다. 이러한 폴리머 소재는 발포제 및 기타 첨가제와 혼합하여 보드 형태로 생산됩니다. 페놀폼 보드는 가볍고 단열성이 뛰어나며 화재에 대한 내성이 강한 재료입니다.
마감재에서 곰팡이가 증식하기 좋은 환경은 어떤 조건인가요?,마감재에서 곰팡이가 증식하기 좋은 환경은 주로 습기가 높고 통풍이 부족한 조건입니다. 또한 어두운 곳이나 건조하지 않은 곳이 적합합니다. 이러한 환경에서는 곰팡이가 증식하기 쉽고 빠르게 번식할 수 있습니다. 곰팡이의 발생을 방지하려면 습기를 제거하고 통풍을 유지하는 것이 중요합니다.
마감재에 사용되는 방법 중 곰팡이 증식을 방지하는 방법은 무엇이 있나요?,"마감재에 사용되는 방법 중 곰팡이 증식을 방지하는 방법으로는 표면 처리나 코팅을 통한 방수 및 방부 처리가 있습니다. 또한, 통풍이 잘 되도록 설계하거나 건축물 주변의 환경을 개선하여 습기를 줄이는 것도 효과적입니다. 마감재를 깨끗하게 유지하고 주기적인 청소를 통해 곰팡이가 번식할 수 있는 조건을 최소화하는 것도 중요합니다."
"도박요시의 소재는 무엇이고, 어떤 장점이 있나요?",도박요시는 대부분 석고로 만들어진 재료입니다. 이는 유연성이 뛰어나고 가벼워 가구나 장식품 등 다양한 형태로 가공하기 용이합니다. 또한 도박요시는 부드럽고 부드러운 표면을 가지며 다양한 디자인을 구현할 수 있습니다. 추가로 그 가격이 저렴하고 가공이 쉽기 때문에 인기가 있습니다.
"도박요시의 소재는 어떻게 선택되고, 그 특징은 무엇인가요?","도박요시의 소재는 보통 목재나 합성재료로 선택됩니다. 목재로 제작된 도박요시는 자연스러운 느낌을 주며 고급스러운 분위기를 조성합니다. 합성재료인 경우 내구성이 뛰어나고 수분에 강하며 변형되지 않는 특징이 있습니다. 또한, 다양한 색상과 디자인으로 제공되어 공간에 맞는 스타일을 선택할 수 있습니다."
"에폭시 테라죠의 기대수명은 얼마나 되는지 궁금한데, 마감재로서의 내구성이 어떻게 되는지 알고 싶습니다.","에폭시 테라죠의 기대수명은 주로 사용된 재료의 품질과 유지보수에 따라 다를 수 있습니다. 일반적으로, 적절한 설치와 유지보수를 했을 때, 에폭시 테라죠는 매우 내구성이 뛰어나며 오랜 기간 동안 사용될 수 있습니다. 이는 특히 방수 및 내화성 등의 우수한 속성을 갖추고 있어 내구성이 강화되기 때문입니다. 따라서 올바른 관리와 유지보수를 통해 에폭시 테라죠의 내구성을 높일 수 있습니다."
에폭시 테라죠의 내구성이 어떻게 되는지 알 수 있는 테스트 방법은 무엇인가요?,"에폭시 테라죠의 내구성을 평가하기 위한 테스트 방법 중 하나로는 내화시험을 실시하는 것이 있습니다. 이 테스트는 특정 기준에 따라 에폭시 테라죠의 내화성을 측정하고 화재에 대한 내성을 평가합니다. 또한, 인장 시험이나 굽힘 시험 등의 물리적 특성을 확인하여 내구성을 평가할 수도 있습니다."
어떤 마감재가 아이소핑크의 장점을 살려줄 수 있나요?,아이소핑크의 장점을 살려줄 수 있는 마감재로는 주로 절연재나 단열재가 있습니다. 이러한 마감재는 아이소핑크의 열 절연 특성을 보완하여 건물 내부의 온도를 안정화시키고 에너지 효율성을 향상시킵니다. 또한 내구성이 뛰어나고 보온 효과가 우수한 마감재를 선택함으로써 아이소핑크의 장점을 최대한 활용할 수 있습니다.
아이소핑크의 특성을 최대한 활용할 수 있는 마감재는 무엇인가요?,"아이소핑크의 경량성과 단열성을 최대한 활용할 수 있는 마감재로는 외벽 단열재나 천장 패널, 바닥 보강재 등이 있습니다. 이러한 마감재를 사용하면 건물의 단열성을 향상시키고 에너지 효율성을 개선할 수 있습니다. 또한, 아이소핑크의 경량성은 건축물 구조에 부담을 덜어주어 설치와 유지보수가 용이합니다."
마감재 중에 있어 장판의 가장 큰 단점은 무엇인가요?,"마감재 중에서 장판의 가장 큰 단점은 주로 보수와 유지보수에 필요한 시간과 비용입니다. 장판은 주기적인 보수가 필요하고, 특히 부식이나 변형이 발생할 경우에는 보다 많은 수리와 교체가 필요할 수 있습니다. 또한 장판의 설치 및 교체 작업은 전문 기술이 필요하고 비용이 많이 들 수 있습니다. 따라서 장판을 선택할 때 이러한 부분을 고려하는 것이 중요합니다."
마감재 중에 있어 장판의 가장 큰 단점을 보완하기 위한 혁신적인 기술은 무엇인가요?,"장판의 가장 큰 단점을 보완하기 위한 혁신적인 기술로는 압출성 형성 기술이 있습니다. 이 기술은 마감재의 조각을 하나로 합치는 대신, 마감재를 압축하여 단단하고 튼튼한 구조를 형성합니다. 이로써 장판의 연결 부위가 강화되어 더욱 견고하고 안정된 마감재를 제공할 수 있습니다."
커다란 건물의 외벽에 사용되는 그라스울은 무엇인가요?,"그라스울은 건물의 외벽에 사용되는 격자무늬 형태의 석재재료입니다. 이것은 보통 화강암이나 대리석과 같은 자연 석재로 만들어지며, 건물의 외부 장식에 사용됩니다. 그라스울은 강도가 높고 내구성이 우수하여 환경에 잘 적응하며 시간이 지나도 변색이나 부식이 거의 없습니다. 이러한 특성으로 인해 그라스울은 건축물의 외벽을 장식하고 보호하는 데 널리 사용됩니다."
그라스울을 사용한 건물 외벽은 어떤 특징을 가지고 있나요?,"그라스울을 사용한 건물 외벽은 경량이면서도 강도가 뛰어나며 내화성이 높습니다. 또한, 그라스울은 환경 친화적이며 내부의 온도와 습도를 안정화시키는 역할을 합니다. 이러한 특징으로 그라스울은 건물의 외벽을 보호하고 내구성을 높이는 데 효과적으로 사용됩니다."
인테리어 디자인에서 많이 사용되는 대리석 마감재의 장점은 무엇인가요?,대리석 마감재의 주요 장점 중 하나는 고급스러운 외관과 품질입니다. 대리석은 자연스러운 미적 효과를 제공하며 고유한 모양과 패턴을 가지고 있어 각각의 공간에 고유한 분위기를 조성합니다. 또한 대리석은 내구성이 뛰어나고 변색이나 부식이 적은 재료로서 오랜 기간 동안 사용할 수 있습니다. 높은 내화성과 열전도율을 가지고 있어 화재에 강하고 열을 효과적으로 차단하여 실내 온도를 안정화시킬 수 있습니다.
대리석 마감재를 선택할 때 고려해야 할 주요 요소는 무엇인가요?,"대리석 마감재를 선택할 때 고려해야 할 주요 요소는 재료의 종류와 품질, 색상과 문양, 그리고 가격입니다. 먼저, 대리석의 종류와 품질을 고려하여 사용 용도와 환경에 맞는 적절한 재료를 선택해야 합니다. 또한, 색상과 문양은 건물의 전반적인 디자인에 영향을 미치므로 신중하게 선택해야 합니다. 마지막으로, 예산을 고려하여 가격 대비 품질을 비교하고 적절한 대리석 마감재를 선택해야 합니다."
완전히 송판 노출콘크리트를 마감재로 사용하는데 장점은 무엇인가요?,"완전히 송판 노출 콘크리트를 마감재로 사용하는 주요 장점은 강한 시각적 효과와 현대적인 미적 감각을 제공하는 것입니다. 이러한 마감재는 그 특유의 질감과 색상으로 건물에 고유한 외관을 부여하며, 현대적이고 고급스러운 느낌을 연출합니다. 또한 송판 노출 콘크리트는 내구성이 뛰어나고 유지보수가 쉬워서 장기적인 관점에서 비용을 절감할 수 있습니다."
완전히 송판 노출콘크리트를 마감재로 사용할 때 고려해야 할 주요 사항은 무엇인가요?,"완전히 송판 노출 콘크리트를 마감재로 사용할 때 고려해야 할 주요 사항은 표면 처리, 디자인, 및 보호 측면입니다. 먼저, 표면 처리를 통해 콘크리트의 보호와 외관을 개선할 수 있으며, 다양한 마감 방법을 고려해야 합니다. 또한, 디자인 측면에서는 콘크리트의 색상과 질감을 고려하여 건축물의 전반적인 미적인 요소를 고려해야 합니다. 마지막으로, 외부 요인에 대한 보호를 고려하여 적절한 방법으로 콘크리트를 보호해야 합니다."
마감재를 선택할 때 고려해야 할 하이샤시의 단점은 무엇인가요?,"하이샤시의 단점은 주로 비용과 설치에 필요한 전문 기술의 부족입니다. 이러한 유리한 속성과 현대적인 디자인은 추가 비용을 초래할 수 있으며, 전문적인 기술과 장비를 요구하여 설치 및 유지보수가 어려울 수 있습니다. 또한 하이샤시는 가벼운 소재가 아니기 때문에 구조적인 보강이 필요할 수 있어 설계 과정에서 고려되어야 합니다."
하이샤시의 단점을 보완하기 위한 다른 솔루션은 무엇이 있나요?,하이샤시의 단점을 보완하기 위한 대안은 분산형 데이터베이스 시스템을 고려할 수 있습니다. 이는 단일 중앙화된 데이터베이스 대신 여러 노드에 데이터를 분산시켜 안정성과 확장성을 높일 수 있습니다. 블록체인 기술이나 그래프 데이터베이스도 고려할 만합니다.
천연페인트를 사용하는 것의 장점은 무엇인가요?,"천연페인트를 사용하는 주요 장점은 환경 친화적이고 건강에 유익하다는 점입니다. 이러한 페인트는 화학 물질과 유독물질을 포함하지 않으며, VOC(휘발성 유기 화합물)를 줄이기 위해 제작됩니다. 또한 자연 유래의 재료로 만들어져 환경에 더 친숙하며, 실내 공기 질을 향상시키고 알레르기 반응을 줄일 수 있습니다. 함유된 천연 성분은 더 건강한 실내 환경을 조성하며, 장기적으로는 건강한 생활을 유지하는 데 도움이 됩니다."
천연페인트가 주로 사용되는 장소는 어디인가요?,"천연페인트는 주로 환경 친화적인 건물 및 실내 장소에서 사용됩니다. 이는 주택, 학교, 병원 및 다른 공공 시설에서 사용될 수 있으며, 특히 화학 물질에 민감한 사람들이 많은 곳에서 선호됩니다. 또한 예술 작품과 같은 특수한 용도에도 사용될 수 있습니다."
외부에 사용하기에는 어떤 마감재가 방염벽지보다 뛰어날까요?,"외부에 사용하기에는 주로 알루미늄패널이 방염벽지보다 뛰어날 수 있습니다. 알루미늄패널은 화재에 강하고 내구성이 뛰어나며, 날씨 변화에도 잘 견딜 수 있는 재료입니다. 또한 경량이면서도 강도가 높아 설치가 용이하며 유지보수 비용이 낮습니다. 이러한 특성으로 알루미늄패널은 외부 벽면에 많이 사용되며, 특히 화재 안전성이 중요한 건물에 적합합니다."
외부 건물에 사용하기에는 어떤 마감재가 방염벽지보다 뛰어난가요?,"외부 건물에 사용하기에는 방염벽지보다 내구성이 뛰어난 석재나 벽돌 같은 자연 소재가 더 적합합니다. 이러한 소재들은 날씨 조건에 강하고 오랜 기간 사용할 수 있으며, 화재에 대한 저항력도 높습니다. 또한 외부 환경에 노출될 때 더 많은 보호를 제공합니다."
도배풀의 종류를 알고 싶습니다.,"도배풀은 크게 아크릴 도배풀, 시멘트 도배풀, 에폭시 도배풀 등으로 나눌 수 있습니다. 아크릴 도배풀은 물 베이스로 만들어져 사용하기 편리하며, 건식 조건에서 빠르게 건조합니다. 시멘트 도배풀은 시멘트와 물을 혼합하여 만들며, 보다 강력한 접착력을 제공합니다. 에폭시 도배풀은 화학적으로 경화되는 재료로 만들어져 내구성이 뛰어나며 물과 화학물질에 강합니다."
도배풀은 어떤 재료로 만들어지나요?,"도배풀은 일반적으로 세멘트, 모르타르 또는 플라스터와 같은 건축 재료로 만들어집니다. 이러한 재료들은 벽면을 부드럽게 마무리하고 평탄하게 만들어주는 역할을 합니다. 특히 세멘트나 모르타르는 견고하면서도 내구성이 뛰어나므로 주로 사용됩니다."
"모노벽돌은 건축 및 건설 산업에서 사용되는 벽돌의 한 종류이며, 단일 색상이나 패턴으로 제작된 벽돌을 말합니다. 모노벽돌을 사용하여 건물을 마감하면 어떤 장점이 있을까요?","모노벽돌을 사용하는 장점은 주로 시각적 효과와 설치 편의성에 있습니다. 모노벽돌은 단일한 색상이나 패턴으로 제작되어 일관된 외관을 제공하며, 고급스러운 미적 감각을 연출합니다. 또한 모노벽돌은 일반 벽돌에 비해 가벼우면서도 강도가 뛰어나므로 설치가 용이하고 시간을 단축할 수 있습니다. 따라서 모노벽돌은 건물의 외관을 향상시키는데 효과적인 선택입니다."
모노벽돌의 장점은 무엇인가요?,"모노벽돌의 장점은 다양합니다. 먼저, 내구성이 뛰어나고 오랜 기간 사용할 수 있습니다. 또한 유지보수가 적게 들며 환경에도 친화적입니다. 모노벽돌은 다양한 색상과 스타일로 제공되어 디자인의 다양성을 높이며, 단열성과 방수성도 우수합니다. 그리고 화재에 대한 저항력이 뛰어나고 외부 요소에 강합니다."
미네랄 울 보온판은 건물 마감재로 어떤 장점을 가지고 있나요?,"미네랄 울 보온판은 건물 마감재로 사용될 때 여러 가지 장점을 가집니다. 먼저, 미네랄 울은 불연성과 내화성이 뛰어나 화재 위험을 줄여줍니다. 또한 미네랄 울 보온판은 우수한 단열성능을 제공하여 온도 변화로부터 건물을 보호하고 에너지 효율성을 향상시킵니다. 또한 경량이면서도 강도가 높아 설치가 용이하며, 내구성이 뛰어나서 장기적인 관점에서 비용을 절감할 수 있습니다."
미네랄 울 보온판이 다른 보온재와 비교했을 때 어떤 차이점이 있나요?,"미네랄 울 보온판은 다른 보온재와 비교할 때 몇 가지 차이점이 있습니다. 먼저, 미네랄 울은 불연성이므로 화재에 대한 안전성이 뛰어납니다. 또한 곰팡이나 곰팡이의 형성을 방지하여 건강에 유리합니다. 미네랄 울은 음향 흡수와 열 저항성이 높아 효율적인 보온성을 제공합니다."
대리석 마감재의 유지보수 주기는 얼마나 되나요?,"대리석 마감재의 유지보수 주기는 주로 사용 환경 및 관리 정책에 따라 달라집니다. 일반적으로 대리석은 내구성이 뛰어나고 변색이나 부식이 적은 재료로 알려져 있어서 상대적으로 오랜 시간 동안 유지될 수 있습니다. 그러나 외부 환경 조건이나 사용 빈도에 따라서도 유지보수 주기는 달라질 수 있으며, 필요한 경우 청소와 조각 작업 등의 유지보수가 필요할 수 있습니다."
대리석 마감재를 유지보수하는 데 필요한 전문가의 자격 요건은 무엇인가요?,대리석 마감재를 유지보수하는 데 필요한 전문가의 자격 요건은 전문적인 지식과 기술이 필수입니다. 대리석의 특성을 이해하고 적절한 유지보수 방법을 알아야 합니다. 또한 대리석의 종류와 상태를 판단하고 적절한 재료와 기술을 사용하여 보존하는 능력이 중요합니다. 풍부한 경험과 전문성을 갖춘 전문가이어야 합니다.
"마감재 카테고리에 맞는 질문:
외부 환경에 노출되거나 날씨 변화에 따라 변형될 수 있는 징크판넬의 단점은 무엇인가요?","징크판넬의 단점은 주로 부식과 변색이 발생할 수 있다는 점입니다. 외부 환경에 노출되면 시간이 지남에 따라 징크판넬은 부식되고 변색될 수 있습니다. 특히 습기와 환경 오염물질의 영향을 받으면 더욱 빠른 부식이 발생할 수 있습니다. 이로 인해 외부 벽면의 미관이 저하될 수 있으며, 유지보수 비용이 높아질 수 있습니다."
징크판넬의 내식성을 향상시키기 위해 어떤 방법이 사용되나요?,징크판넬의 내식성을 향상시키기 위해 아연 도금 코팅이 주로 사용됩니다. 이 코팅은 징크판넬의 표면을 보호하여 부식과 산화를 방지합니다. 또한 부식 저항성을 높이기 위해 부식 방지제나 실리콘 도장 등의 방법도 사용될 수 있습니다.
벽지와 도료 중 어떤 것을 선택하는 것이 벽을 더 오래 지속시키는 데 도움이 될까요? (마감재),"벽을 더 오래 지속시키는 데에는 주로 도료가 더 도움이 될 수 있습니다. 도료는 외부 환경으로부터 벽을 보호하고 내구성을 향상시키는 역할을 하기 때문입니다. 도료는 날씨 변화, 자외선, 습기, 오염물질 등으로부터 벽을 보호하여 부식이나 변색을 방지할 수 있습니다. 또한 도료는 벽을 표면적으로 강화하여 튼튼하고 투박한 표면을 형성하므로, 벽을 오래 지속시키는 데 효과적입니다."
벽면에 도료를 바를 때 주의해야 할 점은 무엇인가요?,"벽면에 도료를 바를 때 주의해야 할 점은 여러 가지입니다. 먼저, 표면을 깨끗하게 닦고 먼지와 오염물을 제거해야 합니다. 또한 적절한 도료와 도구를 선택하여 품질을 보장해야 합니다. 페인트 전에 표면을 채우고 균일하게 바르는 것이 중요하며, 날씨 조건과 보관 방법을 고려하여 작업해야 합니다."
"마감재: 어떤 역할을 하는 재료들

초경벽지를 마감재로 사용하는데 어떤 장점이 있나요?",마감재는 건물의 외관을 형성하고 보호하는 역할을 합니다. 이는 외부 요소로부터 건물을 보호하고 내구성을 향상시키는 데 중요합니다. 초경벽지는 자연적이고 아름다운 표면을 제공하여 건물에 풍부한 텍스처와 시각적 흥미를 부여합니다. 또한 초경벽지는 내구성이 뛰어나고 낮은 유지보수 요구 사항을 가지고 있어 오랜 기간 동안 사용될 수 있습니다. 이러한 특성은 건물의 외관을 개선하고 유지보수 비용을 절감하는 데 도움이 됩니다.
마감재로 사용되는 초경벽지는 어떤 재료로 만들어지나요?,"마감재로 사용되는 초경벽지는 보통 종이를 기반으로 만들어집니다. 이 종이에 인쇄된 패턴이나 디자인이 있으며, 일반적으로 수지나 플라스틱으로 코팅되어 내구성과 견고함을 높입니다. 초경벽지는 다양한 색상과 디자인으로 제공되며, 벽면 장식이나 표면 보호를 위해 사용됩니다."
마감재 중에서 점토기를 사용하는 장점은 무엇인가요?,"점토기를 사용하는 장점은 주로 환경 친화성과 내구성에 있습니다. 점토기는 자연 재료로 만들어져 환경에 더 친숙하며, 생산과 재활용 과정에서 친환경적입니다. 또한 점토기는 열과 습기를 효과적으로 제어하여 건물 내부의 온도와 습도를 안정화시키는 데 도움을 줍니다. 이로써 건강하고 편안한 실내 환경을 조성할 수 있습니다. 추가로 점토기는 내구성이 뛰어나고 유지보수가 적은 재료이기도 합니다."
점토기를 사용하는 마감재의 특징은 무엇인가요?,"점토기를 사용하는 마감재의 특징은 환경 친화성과 자연스러운 느낌이 강조됩니다. 이는 자연적으로 발생하는 재료이기 때문에 건강에 해를 끼치지 않으며, 재활용이 가능하고 지속 가능한 옵션입니다. 또한 점토기는 습기와 열을 조절하는 능력이 뛰어나고, 공기를 정화하여 실내 환경을 개선합니다."
왜 석고보드는 내부 벽 및 천장 마감재로 인기가 있을까요?,"석고보드는 내부 벽 및 천장 마감재로 인기가 있는 이유는 다양합니다. 먼저, 석고보드는 가볍고 다루기 쉬우며 조작이 용이하므로 공사 기간을 단축시키고 비용을 절감할 수 있습니다. 또한 석고보드는 표면이 매끄럽고 일관된 마감을 제공하여 장식적 효과를 높여줍니다. 또한 석고보드는 소음과 열을 흡수하여 공간 내부의 편안함을 증진시키는 역할도 합니다. 마지막으로, 석고보드는 내구성이 뛰어나며 화재 저항성이 우수하여 안전한 건축물을 구축하는 데에 기여합니다."
석고보드의 장점은 무엇이 있기에 내부 벽 및 천장 마감재로 널리 사용되는가요?,"석고보드는 가볍고 다루기 쉬우면서도 강도가 뛰어나며 화재에 대한 내구성이 우수합니다. 또한 다양한 형태와 크기로 제공되어 다양한 디자인에 활용할 수 있으며, 수리와 보수가 비교적 간편합니다. 내부 벽 및 천장 마감재로 널리 사용되는 이유는 이러한 장점들 때문입니다."
강마루는 마감재 중 어떤 종류에 속하며 일상생활에서 어떻게 활용되는지 알려줄 수 있나요?,"강마루는 주로 마감재의 한 종류로 분류됩니다. 이는 내구성이 뛰어나고 튼튼한 재료로 만들어져 주로 바닥재로 사용됩니다. 강마루는 주택, 상업 시설, 공공 건물 등 다양한 장소에서 사용됩니다. 이러한 재료는 그 견고함과 내구성으로 인해 고주파와 다방향 트래픽에 맞서는 데 적합하며, 동시에 특별한 유지보수가 필요하지 않아 일상생활에서 많은 편의를 제공합니다."
강마루의 재료는 무엇이며 제작과정에서 어떤 특별한 과정이 사용되나요?,"강마루는 보통 나무를 사용하여 만들어집니다. 제작과정에서 특별한 열처리 과정이 사용됩니다. 이는 나무를 높은 온도에서 가열하여 수분을 제거하고 내구성을 향상시키는 과정입니다. 이렇게 처리된 나무는 변형이 적고 튼튼하여 내구성이 뛰어나며, 강마루의 주요 특징 중 하나입니다."
도배작업을 마친 후에 건조시간을 충분히 확보하지 않으면 도배지에 울음이 발생할 수 있나요?,"네, 도배작업을 마친 후에 건조시간을 충분히 확보하지 않으면 도배지에 울음이 발생할 수 있습니다. 도배작업을 마친 후에는 도배지가 완전히 건조되어야 합니다. 충분한 건조시간을 확보하지 않으면 도배지가 축소하거나 팽창하여 표면에 울음이 발생할 수 있습니다. 이는 도배지의 내부 응력이 안정화되지 않았기 때문에 발생하는 문제입니다. 따라서 도배작업을 완료한 후에는 제조업체의 권장되는 건조시간을 준수하는 것이 중요합니다."
도배작업을 완료한 후에 건조시간을 춱분히 확보하지 않으면 어떤 문제가 발생할 수 있을까요?,"도배작업을 완료한 후에 충분한 건조시간을 확보하지 않으면 공기 중의 수분이 표면에 남아있을 수 있습니다. 이로 인해 도료가 제대로 건조되지 않고 표면에 건조 마감이 생기지 않을 수 있습니다. 또한 습기가 남아 있는 상태에서 마감재나 장식물을 부착하면 부착물이 제대로 고정되지 않을 수 있고, 결국 균열이 발생하거나 부착물이 떨어질 수 있습니다."
제작한 도배지를 절단할 때 적정한 부분을 고려하지 않으면 찢어질 수 있는 가능성이 있나요?,"네, 제작한 도배지를 절단할 때 적정한 부분을 고려하지 않으면 찢어질 수 있는 가능성이 있습니다. 특히 도배지의 모서리나 가장자리를 제대로 지지하지 않거나 부적절한 도구를 사용하면 도배지가 찢어질 수 있습니다. 또한 절단할 때 적절한 압력과 속도를 유지하는 것도 중요합니다. 따라서 도배지를 절단할 때에는 적절한 부분을 고려하고 안전하게 다루어야 합니다."
도배지를 절단할 때 고려해야 하는 요소는 무엇인가요?,"도배지를 절단할 때 고려해야 하는 요소는 정확한 크기와 모양이며, 이를 위해 적절한 도구와 기술이 필요합니다. 또한 절단하는 위치와 방향을 신중히 결정하여 적절한 조립을 보장해야 합니다. 마감된 가장자리가 깔끔하고 일관된 외관을 유지할 수 있도록 주의해야 하며, 부분적으로 절단되어 표면이 깨지지 않도록 해야 합니다."
벽지를 제거할 때 기존 실크 벽지를 완전히 제거하지 않고 도배지를 하면 찢어질 수 있을까요?,"네, 기존 실크 벽지를 완전히 제거하지 않고 도배지를 하면 찢어질 수 있습니다. 실크 벽지나 다른 종류의 벽지가 아직 벽면에 남아있으면, 새로운 도배지가 제대로 부착되지 않을 뿐만 아니라 부착된 부분에서는 도배지가 찢어질 수 있습니다. 따라서 벽지를 교체할 때에는 기존 벽지를 완전히 제거하고 벽면을 청소하여 부착표면을 깨끗하게 유지하는 것이 중요합니다."
실크 벽지를 도배지로 덮을 때 과정에서 주의해야 할 점은 무엇인가요?,실크 벽지를 도배지로 덮을 때 주의해야 할 점은 부착 과정에서 신중해야 합니다. 실크 벽지는 부드럽고 섬세한 재질이므로 다룰 때 조심스러워야 합니다. 특히 접착제를 사용할 때 과도한 압력을 피하고 벽지의 표면을 손상시키지 않도록 주의해야 합니다. 또한 벽지의 패턴이나 디자인을 정확하게 일치시키는 것이 중요합니다.
도배지에 녹이 묻어나올 수 있는 누수의 원인과 해결 방법은 무엇인가요? (마감하자),"도배지에 녹이 묻어나올 수 있는 누수의 원인은 보통 벽면 또는 천장의 수분 유입입니다. 누수는 종종 수도관이나 지붕의 누수, 벽체의 습기 유입 등으로 인해 발생할 수 있습니다. 이를 해결하기 위해서는 우선 누수가 발생한 부위를 식별하고 누수 원인을 해결해야 합니다. 이후에는 도배지를 제거하고 벽면 또는 천장의 수리 작업을 진행한 뒤 새로운 도배지를 부착하는 것이 좋습니다. 누수 문제가 심각한 경우 전문가의 도움을 받는 것이 바람직합니다."
도배지에 녹이 묻어나올 수 있는 누수를 방지하기 위해 어떤 종류의 방수재를 사용해야 하나요?,도배지에 녹이 묻어나올 수 있는 누수를 방지하기 위해서는 플라스틱 기반의 방수재가 적합합니다. 일반적으로 폴리우레탄 기반의 방수재나 아크릴 기반의 방수재가 사용됩니다. 이러한 방수재는 물을 효과적으로 차단하고 도배지를 보호하여 녹이 묻어나오는 문제를 방지합니다.
도배지에 울음이 생기는 이유와 해결 방법에 대해 알고 계신가요?,"도배지에 울음이 생기는 주요 이유는 부착 부위의 불안정성과 습기 변화에 의한 수축 또는 팽창입니다. 부착 부위가 충분히 고정되지 않거나 도배지가 습기를 흡수하여 팽창할 때 울음이 발생할 수 있습니다. 이를 해결하기 위해서는 우선 부착 부위를 다시 고정하고 품질 좋은 접착제를 사용하여 도배지를 다시 부착해야 합니다. 또한 습기를 흡수하는 물질을 사용하여 도배지의 습기를 조절하고, 공간의 환기를 개선하여 습기 변화를 최소화하는 것도 중요합니다."
"도배지의 울음 현상이 발생하는 주된 이유는 무엇이며, 이를 해결하기 위한 방법은 무엇인가요?","도배지의 울음 현상이 발생하는 주된 이유는 고분자 시멘트 도장의 높은 강도와 관련이 있습니다. 이로 인해 시멘트가 수축하면서 도배지가 울음 현상을 보이게 됩니다. 이를 해결하기 위해선 시멘트의 수축을 방지하는 특수 폴리머 혼화물을 사용하거나, 적절한 방수 및 방습 처리를 통해 수분 흡수를 줄이는 방법이 있습니다."
벽면에 손상이 있을 경우 도배를 하기 전에 어떻게 그 손상을 고쳐야 할까요?,벽면에 손상이 있을 경우 도배를 하기 전에 먼저 그 손상을 수리해야 합니다. 손상된 부분을 채워주기 위해 적합한 보수재나 굳히는 재료를 사용하여 손상 부위를 교정합니다. 이후에는 교정된 부위를 깨끗하게 갈아주고 평평하게 다듬어야 합니다. 마지막으로 교정된 부분이 완전히 마르고 단단해질 때까지 기다린 후에 도배를 진행해야 합니다. 이를 통해 도배 작업 시 부착이 안정적으로 이루어지고 마감재의 완벽한 표면을 얻을 수 있습니다.
벽면 손상을 수리하기 위해 필요한 도구와 재료는 무엇인가요?,"벽면 손상을 수리하기 위해 필요한 도구와 재료는 다양합니다. 주요 도구로는 샌더, 스크레퍼, 페인트 브러시, 롤러 등이 필요합니다. 수리를 위한 재료로는 목재용 고정제, 석고파우더, 보수용 페인트, 균열이나 구멍을 메우는 데 사용되는 파텍 등이 필요합니다. 이러한 도구와 재료를 사용하여 벽면을 손상 없이 복구할 수 있습니다."
반점이 생긴지 1년 이내인 마감하자의 보수작업을 위해 필요한 단계는 무엇인가요?,"반점이 생긴지 1년 이내인 마감하자의 보수작업을 위해 필요한 단계는 다음과 같습니다:
1. 소독 및 청소: 먼저 마감재 표면을 소독하고 청소하여 반점이 생긴 부위를 깨끗하게 만듭니다.
2. 교정 및 보수: 반점이 생긴 부분을 적절한 방법으로 교정하고 보수합니다. 필요에 따라 새로운 마감재로 교체하거나 보수재로 보충합니다.
3. 마감작업: 보수가 완료된 부분을 표면 처리하여 일관된 외관을 유지하고 보호층을 새로 씌웁니다.
4. 마무리: 보수 작업이 완료되면 마감재가 완전히 마르고 고정될 때까지 기다린 후에 마무리 작업을 합니다."
반점이 생긴지 1년 이내인 마감하자의 보수작업을 위해 필요한 장비는 무엇인가요?,"반점이 생긴지 1년 이내인 마감자의 보수작업을 위해 필요한 주요 장비는 샌더, 스크레퍼, 페인트 브러시, 롤러 등입니다. 이를 통해 이전 도료를 제거하고 표면을 깨끗하게 만들 수 있습니다. 또한 필요에 따라 균열이나 구멍을 메우는데 사용되는 보수용 페인트나 파텍도 필요합니다. 이러한 장비를 사용하여 보수작업을 신속하고 효율적으로 수행할 수 있습니다."
도배지 꼬임에 대해 설명해주실 수 있나요?,"도배지 꼬임은 도배 작업 중에 발생하는 문제로, 도배지의 표면이 굽어지거나 비틀려서 일그러지는 현상을 말합니다. 이는 보통 도배지 부착 시 접착제의 불균일한 사용, 부착 부위의 불안정성, 또는 도배지 자체의 제조 과정에서 발생한 결함 등이 원인일 수 있습니다. 꼬임이 발생하면 도배지의 외관이 손상되고 부착이 불안정해질 수 있으므로 보수가 필요합니다."
도배지 꼬임이 발생하는 이유는 무엇인가요?,도배지 꼬임은 주로 부착 과정에서 접착제의 불균일한 분포나 표면의 불균일한 상태 때문에 발생합니다. 또한 도배지 자체의 품질 문제나 부착하는 표면의 불평등도 꼬임을 유발할 수 있습니다. 이를 방지하기 위해서는 표면을 깨끗하게 청소하고 부착할 때 접착제를 골고루 바르는 등의 주의가 필요합니다.
도배지에 핀 곰팡이를 제거하는데 가장 효과적인 방법은 무엇인가요?,"도배지에 핀 곰팡이를 제거하는 가장 효과적인 방법은 다음과 같습니다:
1. 세제와 물을 혼합하여 도배지를 청소합니다. 곰팡이를 제거하기 위해 칫솔 또는 스펀지를 사용하여 부드럽게 문질러줍니다.
2. 곰팡이 제거제를 사용합니다. 곰팡이가 짙은 경우, 상업용 곰팡이 제거제를 사용하여 효과적으로 제거할 수 있습니다. 이때 안전장갑을 착용하고 환기된 공간에서 작업해야 합니다.
3. 주석산이나 세제를 사용하여 도배지를 소독합니다. 곰팡이가 생길 가능성이 있는 부분을 미리 예방하는 것도 중요합니다.
4. 마지막으로, 곰팡이를 방지하기 위해 도배지 표면에 방수 처리나 방부제를 바르는 것이 좋습니다."
도배지에 핀 곰팡이를 예방하는데 가장 좋은 방법은 무엇인가요?,"도배지에 핀 곰팡이를 예방하는 가장 좋은 방법은 적절한 환기와 건조를 유지하는 것입니다. 곰팡이는 습기와 습도가 높은 환경에서 번식하므로, 공기순환을 통해 습기를 제거하고 건조한 환경을 유지해야 합니다. 또한 항균 페인트나 곰팡이 예방제를 사용하여 도배지에 추가적인 방호층을 형성할 수도 있습니다."
"마감하자: 건축 및 리모델링

높은 습도로 인해 도배지와 몰딩면에 틈새가 생길 수 있는데, 이를 방지하기 위한 효과적인 방법은 무엇인가요?","높은 습도로 인해 도배지와 몰딩면에 틈새가 생길 수 있습니다. 이를 방지하기 위한 효과적인 방법 중 하나는 밀폐성을 높이는 것입니다. 이를 위해 건축재료를 선정할 때 습기에 강한 재료를 선택하고, 건축 구조물 주변에 방수 처리를 실시하는 것이 중요합니다. 또한, 공기 순환을 촉진하고 습기를 제거하기 위해 공기청정기나 제습기를 사용할 수 있습니다. 마지막으로, 건축물의 외벽 저하를 방지하기 위해 적절한 배수 시스템을 구축하여 지하실이나 기초 부분에 물이 차는 것을 방지해야 합니다."
건축 및 리모델링 시 높은 습도로 인한 틈새 방지를 위한 솔루션은 무엇인가요?,건축 및 리모델링 시 높은 습도로 인한 틈새 방지를 위한 솔루션으로는 적절한 방수 및 방습재의 사용이 필요합니다. 특히 건축재나 벽체에 방수 코팅을 하거나 방습재를 추가하여 습기의 흡수를 막을 수 있습니다. 또한 적절한 환기 시스템을 도입하여 공기순환이 원활하게 이루어지도록 하는 것이 중요합니다.
"마감하자: 건축 및 시공

외부에서 내부로 수분이 침투하여 건물 내부에 습도가 높아지면 석고수정이 발생할 수 있나요? 그렇다면 어떻게 이를 방지할 수 있을까요?","외부에서 내부로 수분이 침투하여 건물 내부에 습도가 높아지면 석고수정이 발생할 수 있습니다. 이를 방지하기 위해서는 외피를 강화하고 방수 처리를 실시하여 수분의 침입을 막아야 합니다. 또한, 건축물의 통풍을 유지하여 습기를 제거하고, 건축재료를 선정할 때 습기에 강한 재료를 선택하는 것이 중요합니다. 특히 외벽 저하를 방지하기 위해 외벽 절연재를 적절히 사용하고, 지하실 등 습기가 집중되는 지역에는 방습기를 설치하여 습기를 효과적으로 제거할 수 있습니다."
건물 내부에서 외부로 수분이 증발하여 건물 외부에 습기가 발생할 수 있나요? 그렇다면 외피재료의 선택이 습기 피해 방지에 어떤 영향을 미치나요?,"네, 건물 내부에서 외부로 수분이 증발할 수 있으며, 이로 인해 건물 외부에 습기가 발생할 수 있습니다. 외피재료의 선택은 습기 피해 방지에 중요한 영향을 미칩니다. 예를 들어 특히 통기성이 뛰어난 재료를 선택하면 습기가 외부로 효과적으로 배출되어 건물의 외부 습기 증가를 방지할 수 있습니다. 반면에 통기성이 낮거나 습기에 취약한 재료를 사용하면 건물 외부에 습기가 머무르게 되어 습기 피해를 초래할 수 있습니다."
"식물실내공학
가습기를 사용하면 실내 공간의 습도를 높여 곰팡이가 발생할 수 있는 환경을 조성할 수 있나요?",가습기 사용은 곰팡이 발생을 촉진할 수 있습니다. 그러나 적절한 환기 및 습도 조절로 이를 방지할 수 있습니다. 공학적인 해결책은 습도를 관리하고 환기를 통해 공기를 순환시키는 것입니다. 따라서 가습기 사용 시 곰팡이 발생 가능성을 줄이기 위해 이러한 조치가 필요합니다.
식물실내공학에서 곰팡이 예방을 위한 다른 방법은 무엇이 있을까요?,식물실내공학에서 곰팡이 예방을 위한 다른 방법으로는 적절한 환기 및 공기순환을 유지하는 것이 중요합니다. 또한 식물을 통해 공기를 정화하고 습기를 조절하여 곰팡이의 번식 환경을 제한할 수 있습니다. 추가적으로 곰팡이 생장을 억제하는 자연적인 방법으로는 햇빛이 잘 드는 곳에 식물을 배치하거나 건조제를 사용하는 등의 방법이 있습니다.
벽지 마감 시에 반점이 발생하지 않도록 하는 최고의 방법은 무엇인가요?,"벽지 마감 시 반점 방지를 위해 주의할 점이 있습니다. 첫째, 청결한 작업 환경과 손질된 도구를 사용해야 합니다. 둘째, 벽면을 매끄럽게 깔끔하게 처리하고 벽지를 부착하기 전에 완전히 마르도록 해야 합니다. 마지막으로, 벽지를 부착할 때 손으로 직접 만지지 않고, 필요한 도구를 사용하여 정확하고 꼼꼼하게 작업해야 합니다."
벽지 마감 시에 반점을 방지하기 위한 효과적인 기술은 무엇인가요?,벽지 마감 시 반점을 방지하기 위한 효과적인 기술로는 특수한 방수나 방수 코팅을 사용하는 것이 있습니다. 이러한 코팅은 벽지 표면을 보호하여 물이 흡수되거나 반점이 생기는 것을 방지합니다. 또한 벽지를 부착하기 전에 표면을 깨끗이 청소하고 적절한 접착제를 사용하여 부착하는 것도 반점을 방지하는데 도움이 됩니다.
몰딩을 설치하고 도배를 마무리할 때 어떻게 틈새를 없애고 깔끔한 마감을 할 수 있을까요?,"몰딩 설치 및 도배 마무리 시 틈새 없애는 방법 중요합니다. 먼저, 몰딩과 벽면 간 간격을 정확히 맞추는 것이 중요합니다. 다음으로, 몰딩을 부착할 때 접합 부분에 몰딩 페인트를 사용하여 틈을 메우고 부착합니다. 마지막으로, 몰딩과 벽면 사이에 실리콘 실을 넣어 깔끔한 마감을 완성합니다."
몰딩을 설치하고 도배를 마무리할 때 어떻게 모서리 부분을 깔끔하게 처리하고 완성도를 높일 수 있을까요?,몰딩을 설치하고 도배를 마무리할 때 모서리 부분을 깔끔하게 처리하고 완성도를 높이기 위해서는 모서리에 맞게 몰딩을 정확하게 절단하고 부착하는 것이 중요합니다. 또한 몰딩과 도배의 경계 부분을 신경써서 부드럽게 만들어야 합니다. 이를 위해 몰딩과 도배 사이에 필요한 경우 틈새를 채우고 색상을 조화롭게 맞추는 것이 중요합니다.
"품질 검사시 못, 또는 기타 이물질로 인해 면 불량이 발생하는 경우가 있나요? - 마감하자",품질 검사 시 못이나 다른 이물질로 인한 면 불량은 가능합니다. 못이나 이물질이 마감재에 포함되면 표면 불완전 또는 손상이 발생할 수 있습니다. 이는 마감 작업의 완성도를 저해할 수 있으므로 주의가 필요합니다. 가능한 이러한 이슈를 방지하기 위해 품질 검사 및 마감 단계에서 신중한 점검이 필요합니다.
면 제품의 품질 검사에서 가장 주요한 요소는 무엇인가요?,"면 제품의 품질 검사에서 가장 주요한 요소는 재료의 품질과 마감이 중요합니다. 품질 검사는 원단의 내구성, 색상 일관성, 마감 품질 등을 확인하여 제품의 품질을 보장합니다. 또한 제조 과정에서 생산되는 결함이나 불량품을 식별하여 품질을 유지하는 것이 중요합니다."
목재 바닥에 생긴 얼룩을 어떻게 처리해야 할까요?,"목재 바닥의 얼룩 처리는 중요합니다. 먼저, 얼룩의 종류와 원인을 확인해야 합니다. 그런 다음, 적절한 청소 및 유지 관리 방법을 선택합니다. 얼룩이 깊은 경우에는 연마와 같은 강력한 처리가 필요할 수 있으며, 필요에 따라 보호 코팅을 다시 바를 수 있습니다. 하지만 얼룩이 표면적이고 가벼운 경우에는 부드러운 세제와 물을 사용하여 청소할 수 있습니다."
목재 바닥의 얼룩을 제거하기 위한 가장 효과적인 방법은 무엇인가요?,"목재 바닥의 얼룩을 제거하기 위한 가장 효과적인 방법은 부분적으로 샌딩하여 얼룩을 제거하거나, 특수한 목재 바닥 클리너를 사용하여 얼룩을 제거하는 것입니다. 또한 얼룩이 깊게 스며든 경우에는 전문가의 도움을 받아야 할 수도 있습니다."
반점이 생긴지 1년 이상인 하자를 보수하는 데 필요한 프로세스와 절차는 무엇인가요?,"1년 이상된 반점은 보수가 필요한 경우가 있습니다. 먼저, 반점의 원인을 파악하고, 그에 맞는 적절한 보수 방법을 결정해야 합니다. 다음으로, 필요한 재료와 도구를 준비하고 보수 작업을 진행합니다. 보수 작업 후에는 결과물을 검토하고 품질을 확인하여 문제가 완전히 해결되었는지 확인합니다. 마지막으로, 보수 작업의 기록을 정리하고 유지 보수 계획을 수립하여 장기적인 문제 방지에 도움이 되도록 합니다."
반점이 생긴 제품을 보수하는 데 필요한 장비와 도구는 무엇인가요?,"반점이 생긴 제품을 보수하는 데 필요한 장비와 도구는 주로 샌더, 스크레퍼, 부직포, 페인트 브러시, 롤러 등이 필요합니다. 이를 통해 이전 도료를 제거하고 표면을 깨끗하게 만들 수 있으며, 필요에 따라 보수용 페인트나 보수재를 사용하여 반점을 복구할 수 있습니다."
부주의한 시공으로 인해 도배지 패턴이 이어지지 않을 수 있는 방지책은 무엇인가요?,"부주의한 시공으로 인한 도배지 패턴 불일치를 방지하기 위해선, 정확한 측정과 마스킹 테이프를 사용하여 패턴을 정확하게 정렬해야 합니다. 또한 각 패턴을 시각적으로 확인하고 조정하는 것이 중요합니다. 마지막으로, 품질 관리를 강화하여 시공 과정에서의 부주의를 최소화해야 합니다."
도배지 패턴을 연결하는 데 가장 중요한 요소는 무엇인가요?,"도배지 패턴을 연결하는 데 가장 중요한 요소는 정확한 일치와 연속성입니다. 패턴을 일치시키는 것은 시각적으로 일관된 외관을 제공하고, 공간을 통합하여 조화롭게 만듭니다. 또한 패턴을 연결할 때는 패턴의 일관된 방향과 흐름을 유지하여 자연스러운 전환을 만드는 것이 중요합니다."
도배지를 찢어놓고 마감을 고치는 방법이 무엇인가요?,"도배지를 찢어놓은 경우, 먼저 찢어진 부분을 깔끔하게 자르고 수리해야 합니다. 다음으로, 찢어진 부분을 인접한 도배지와 조화롭게 이어지도록 접착제를 사용하여 고쳐야 합니다. 마지막으로, 마감 작업을 수행하여 찢어진 부분이 눈에 띄지 않도록 해야 합니다."
도배지를 찢어놓고 마감을 고치는데 필요한 도구는 무엇인가요?,"도배지를 찢어놓고 마감을 고치는데 필요한 도구로는 접착제, 샌더, 스크레퍼, 롤러, 보수용 페인트 등이 있습니다. 접착제를 사용하여 찢어진 부분을 붙여주고, 샌더나 스크레퍼를 사용하여 표면을 평평하게 만들고 부드럽게 마무리합니다. 이후 롤러를 사용하여 새로운 도배지와 연결된 부분을 자연스럽게 흐르도록 만들어 줍니다. 마지막으로 보수용 페인트를 사용하여 마감을 완성합니다."
벽면 도배를 마감할 때 어떻게 도배지 끝부분을 들뜨지 않게 할 수 있을까요?,"도배지 끝을 들뜨지 않게 마감하려면, 먼저 벽과 도배지 사이에 공기가 빠져나가도록 벽면을 적절히 채워야 합니다. 그 후 도배지를 부드럽게 눌러서 공기 포착을 방지하고 마감재로 끝을 감싸야 합니다. 마지막으로 끝부분을 정확하게 자르고 접착제를 사용하여 고정하여 마무리해야 합니다."
"벽면 도배 시, 어떤 방법으로 도배지의 모서리를 깔끔하게 마무리할 수 있을까요?",벽면 도배 시 도배지의 모서리를 깔끔하게 마무리하는 방법으로는 모서리 부분에 몰딩을 부착하는 것이 효과적입니다. 몰딩을 설치하여 도배지의 끝을 감싸고 보호함으로써 모서리를 보다 깔끔하게 마무리할 수 있습니다. 또한 몰딩을 페인트하여 벽면과 조화롭게 만들어 줌으로써 완성도를 높일 수 있습니다.
제품의 잘못된 설치로 인해 발생하는 불량은 어떻게 예방할 수 있을까요?,"제품의 잘못된 설치로 인한 불량을 예방하기 위해서는, 먼저 정확한 설치 지침서를 숙지하고 전문가의 도움을 받아야 합니다. 제품을 설치하기 전에 모든 부품이 완전하고 정확한지 확인해야 하며, 필요한 도구와 장비를 준비해야 합니다. 또한 설치 전에 주변 환경을 적절히 평가하고 적절한 보강 및 안전 조치를 취해야 합니다. 설치 중에는 꼼꼼하게 검사하고 조정하여 문제를 발견하고 수정할 수 있도록 해야 합니다. 마지막으로, 제품의 유지보수 및 정기적인 점검을 통해 잠재적인 문제를 미리 예방할 수 있습니다."
제품 설치 시 발생하는 불량을 최소화하기 위한 방법은 무엇인가요?,"제품 설치 시 발생하는 불량을 최소화하기 위한 방법으로는 적절한 교육과 훈련을 받은 전문가를 고용하거나, 제조사의 설치 지침을 엄격하게 준수하는 것이 중요합니다. 또한 설치 전에 사전 조사를 철저히 실시하여 문제를 예방하고, 설치 과정에서 품질 관리를 철저히 실시하여 불량을 최소화할 수 있습니다."
제품 마감 시 훼손과 오염의 차이는 무엇인가요?,"제품 마감 시 훼손과 오염의 차이는 중요합니다. 훼손은 표면에 심한 손상을 일으키는 것을 의미하며, 이는 보통 고정된 손상이거나 부분적인 침범입니다. 반면 오염은 외부 물질이 표면에 더해져 청결도를 감소시키는 것입니다. 훼손은 주로 물리적인 피해를 나타내며, 오염은 화학적 또는 생물학적인 변화를 나타냅니다."
제품 마감 시 훼손과 오염이 발생하는 원인은 무엇인가요?,"제품 마감 시 훼손과 오염이 발생하는 주요 원인으로는 부주의한 다루기, 불량한 작업 환경, 부적절한 도구 사용 등이 있습니다. 또한 작업 과정에서 발생하는 먼지, 물방울 등의 외부 물질도 오염의 원인이 될 수 있습니다. 이러한 요인들을 최소화하기 위해서는 작업자의 주의력과 숙련된 기술이 필요하며, 깨끗하고 안전한 작업 환경을 유지하는 것이 중요합니다."
책상이나 가구의 합지벽지에 생긴 얼룩을 지우는 가장 효과적인 방법은 무엇인가요?,"책상이나 가구의 합지벽지에 생긴 얼룩을 지우는 가장 효과적인 방법은 먼저 중성세제와 따뜻한 물을 사용하여 부드럽게 닦는 것입니다. 얼룩이 강력한 경우에는 알코올이나 세제를 사용하여 청소하고, 닦아낸 후에는 깨끗한 수건으로 건조시켜야 합니다. 그러나 특정 재료에는 특별한 처리가 필요할 수 있으므로 제조업체의 지침을 따르는 것이 중요합니다."
가구나 책상의 표면에 생긴 얼룩을 제거하는데 가장 효과적인 청소용품은 무엇인가요?,가구나 책상의 표면에 생긴 얼룩을 제거하는 가장 효과적인 청소용품은 중성 세제나 세정제입니다. 이러한 청소용품은 강력한 세정력을 가지면서도 표면을 손상시키지 않고 얼룩을 효과적으로 제거할 수 있습니다. 또한 세정제를 사용할 때에는 부드러운 천이나 스펀지를 사용하여 부드럽게 문지르는 것이 좋습니다.
"외부에서 들어오는 높은 습도로 인해 내부 벽에 먼지나 곰팡이가 생기는데, 이를 방지하기 위한 마감재는 무엇이 좋을까요?","외부에서 들어오는 높은 습도로 인한 내부 벽의 먼지나 곰팡이를 방지하기 위해선, 수분에 강한 마감재가 필요합니다. 특히 방습성이 뛰어나고 통기성이 우수한 자재를 선택해야 합니다. 비닐벽지나 내구성이 있는 도료 등이 적합할 수 있습니다. 또한 벽면의 통풍을 개선하고, 습기가 집중되는 지역을 특별히 관리하여 습도를 조절하는 것도 중요합니다."
습기로 인한 벽면 손상을 방지하기 위해 어떤 종류의 마감재를 사용하는 것이 효과적일까요?,"습기로 인한 벽면 손상을 방지하기 위해 효과적인 마감재로는 방수 및 방습 기능을 갖춘 자재가 적합합니다. 예를 들어 PVC 벽판, 방수 처리된 목재 또는 벽지, 방수 처리된 석고보드 등이 있습니다. 이러한 마감재는 습기에 강하고 내구성이 뛰어나며, 벽면을 보호하여 습기로 인한 손상을 방지할 수 있습니다."
부실한 시공으로 인해 마감재가 타공하거나 손상될 수 있는가?,"부실한 시공으로 인해 마감재가 타공하거나 손상될 수 있습니다. 부실한 시공은 마감재의 안전과 내구성을 저해할 수 있으며, 특히 마감재가 제대로 고정되지 않거나 부적절한 재료나 기술로 시공된 경우에는 타공이나 손상이 발생할 수 있습니다. 따라서 정확한 시공 절차와 적절한 재료를 사용하여 마감재를 시공하는 것이 중요합니다."
마감재의 손상을 방지하기 위해 건설 및 시공 단계에서 어떤 주의사항을 고려해야 하나요?,"마감재의 손상을 방지하기 위해 건설 및 시공 단계에서 주의할 점은 다음과 같습니다. 먼저, 적절한 보관 및 취급이 필요합니다. 마감재는 건조하고 안전한 공간에 보관되어야 하며, 부주의한 다루기로 인한 손상을 방지해야 합니다. 또한 시공할 때는 깨끗하고 안정적인 작업 환경을 유지하여 마감재에 먼지나 오염물이 침입하지 않도록 해야 합니다. 마감재의 설치나 조립 과정에서는 제조사의 지침을 엄격하게 준수하여 올바르게 시공해야 합니다. 마지막으로, 외부 요인에 의한 훼손을 방지하기 위해 시공 전후에 보호층을 설치하는 것이 좋습니다."
도배지가 끝부분이 들떠 있는데 이를 고치는 가장 효과적인 방법은 무엇인가요?,"도배지의 끝부분이 들뜨는 경우, 먼저 들뜬 부분 주변을 날카로운 칼이나 면칼로 조심스럽게 자르고, 거기에 접착제를 적당량 덧바르고 눌러서 고정시켜야 합니다. 이후 들뜬 부분을 부드럽게 압축하여 접착제가 고르게 퍼지도록 해야 합니다. 마지막으로 마감 작업을 수행하여 부분이 자연스럽게 어우러지도록 처리해야 합니다."
도배지의 끝부분이 들뜨는 현상을 방지하기 위해 어떤 종류의 도배 접착제를 사용해야 하나요?,도배지의 끝부분이 들뜨는 현상을 방지하기 위해 유연한 타입의 도배 접착제를 사용하는 것이 좋습니다. 이러한 유연한 접착제는 온도 변화나 습기에 따른 확장 및 수축에 잘 대응하여 도배지를 안정적으로 고정시키고 들뜨지 않도록 합니다. 또한 접착제를 선택할 때는 제조사의 지침을 참고하여 도배재의 재질과 함께 사용 가능한 접착제를 선택하는 것이 중요합니다.
"면 불량이란 제품의 마감 과정에서 발생한 결함을 의미하는데, 예를 들어 깨진 실이나 훈이, 또는 실이나 단추 등의 결함이 있을 수 있습니다. 마감하자에서 어떤 면 불량이 가장 흔한가요?","마감 과정에서 가장 흔한 면 불량은 실의 깨짐이나 훈, 또는 실의 부착 결함입니다. 특히 실이 부실하게 고정되거나 제대로 마감되지 않으면 제품의 내구성과 외관에 영향을 미칠 수 있습니다. 따라서 마감 작업 중에는 실의 품질을 꼼꼼히 확인하고, 필요에 따라 보강하거나 수정하는 것이 중요합니다."
마감하자에서 어떤 면 결함이 가장 빈번하게 발생하나요?,"마감하자에서 가장 빈번하게 발생하는 면 결함으로는 표면의 불균일성이나 거친 마감이 주로 발생합니다. 이는 마감 작업 시 페인트, 도배재 또는 몰딩 등이 부착되는 벽면의 표면이 부드럽게 마무리되지 않거나 불균일하게 마감되어 보이는 결함을 의미합니다. 이러한 결함은 마감 작업 시 충분한 주의를 기울이지 않거나 작업자의 기술 부족으로 발생할 수 있습니다."
습도가 높을 경우 마감재의 내구성이 떨어지거나 꼬임이 발생할 수 있나요?,"습도가 높을 경우 마감재의 내구성이 떨어지거나 꼬임이 발생할 수 있습니다. 고습은 목재나 종이 기반의 마감재에 특히 영향을 미치며, 이로 인해 마감재가 변형되거나 꼬일 수 있습니다. 또한 고습은 마감재의 부식을 촉진시키고 곰팡이 등의 문제를 야기할 수 있으므로, 적절한 방습 처리나 환기 시스템을 갖추는 것이 중요합니다."
습도가 낮을 경우에도 마감재의 내구성에 영향을 줄 수 있나요?,"습도가 낮을 경우에도 마감재의 내구성에 영향을 줄 수 있습니다. 낮은 습도는 목재나 벽지와 같은 자재의 건조 속도를 증가시켜 과도한 건조로 인한 균열이나 변형을 유발할 수 있습니다. 특히 건조한 환경에서는 목재가 건조되면서 수분을 잃고 수축할 수 있으며, 이로 인해 마감재의 변형이나 휨이 발생할 수 있습니다. 또한 일부 마감재는 낮은 습도에서는 유연성을 잃고 취약해질 수 있어 훼손될 수 있습니다. 따라서 적절한 보관 및 관리가 필요합니다."
벽지를 바꿀 때 벽지가 잘 찢어질 수 있는 불량 벽지를 사용하면 어떤 문제가 발생할 수 있을까요?,"벽지를 바꿀 때 잘 찢어질 수 있는 불량 벽지를 사용하면 제대로된 마감이 어려울 뿐만 아니라, 찢어진 부분이나 불균일한 표면이 마감재로 남아 시각적으로도 미관을 해치게 될 수 있습니다. 또한 벽지가 잘 찢어질 경우 벽면의 결함이 드러나거나 보이지 않는 곳에서 수분이나 먼지가 침투하여 내구성에도 영향을 미칠 수 있습니다. 이로 인해 보다 심각한 문제가 발생할 수 있으므로 품질이 확보된 벽지를 사용하는 것이 바람직합니다."
불량 벽지를 사용할 경우 벽지가 잘 찢어지는 이유는 무엇인가요?,불량 벽지가 잘 찢어지는 이유로는 접착력이 부족하거나 제조과정에서의 결함이 있을 수 있습니다. 접착력이 부족한 경우에는 벽지와 벽면 사이의 부착이 약하여 벽지가 쉽게 찢어질 수 있습니다. 또한 제조과정에서의 결함이나 잘못된 저장 및 운반으로 인해 벽지 자체의 품질이 저하되어 벽지가 쉽게 찢어질 수 있습니다. 이러한 문제는 품질이 검증된 벽지를 선택하고 적절한 접착제를 사용하여 해결할 수 있습니다.
"어떻게 하면 도배지에 생긴 얼룩을 완전히 지울 수 있을까요?
카테고리: 집안 정리","도배지에 생긴 얼룩을 완전히 지우려면 먼저 얼룩의 종류와 도배지 재질을 고려해야 합니다. 일반적으로 중성 세제나 베이킹 소다와 물을 혼합한 솔루션을 사용하여 얼룩을 가볍게 닦고, 그 후 깨끗한 물로 헹구면 됩니다. 하지만 얼룩의 종류나 양상에 따라 특수한 세제나 클리너, 또는 전문적인 청소 서비스가 필요할 수 있습니다."
도배지에 생긴 얼룩을 제거하는데 가장 효과적인 방법은 무엇인가요?,도배지에 생긴 얼룩을 제거하는 가장 효과적인 방법은 중성 세제와 따뜻한 물을 사용하여 부드럽게 문지르는 것입니다. 먼저 얼룩이 있는 부위를 중성 세제와 따뜻한 물로 적당히 촉촉하게 만든 후 부드러운 천이나 스펀지로 문지르면서 얼룩을 제거할 수 있습니다. 이때 너무 강한 압력이나 세제를 과도하게 사용하지 않도록 주의해야 합니다. 만일 얼룩이 물에 잘 제거되지 않는다면 전문적인 세탁제나 벽지 청소용품을 사용할 수도 있습니다.
외부 먼지와 연기로 인해 내부 도배지에 오염이 발생할 수 있을까요?,"외부 먼지와 연기로 인해 내부 도배지에 오염이 발생할 수 있습니다. 특히 외부 환경이 불결하거나 공기 중에 미세한 입자가 많은 경우에는 도배지 표면에 먼지나 연기가 쉽게 침착될 수 있습니다. 이러한 오염은 도배지의 미관을 해치는 것뿐만 아니라, 세균이나 곰팡이 등의 생장을 촉진할 수도 있으므로 정기적인 청소와 관리가 필요합니다."
외부 먼지와 연기로 인해 내부 도배지에 오염이 발생하는 것을 방지하기 위한 방법은 무엇이 있을까요?,"외부 먼지와 연기로 인한 내부 도배지 오염을 방지하기 위해 외부 환경을 관리하는 것이 중요합니다. 외부에 먼지가 많은 지역이라면 외벽을 정기적으로 청소하여 먼지가 실내로 들어오는 것을 막는 것이 도움이 됩니다. 또한 공기 청정기를 설치하거나 창문에 필터를 부착하여 외부의 유해 물질이 내부로 들어오는 것을 줄이고, 환기 시스템을 통해 실내 공기를 정화하는 것도 효과적입니다. 마지막으로, 실내 공기를 자주 순환시키고 정기적으로 청소하여 내부 환경을 깨끗하게 유지하는 것이 중요합니다."
몰딩수정을 할 때 어떤 재료나 도구를 사용해야 하나요?,"몰딩 수정 시에는 몰딩 재료와 접착제가 필요합니다. 몰딩 재료는 주로 나무, 폴리우레탄, 플라스틱 등으로 제작됩니다. 몰딩 수정에 필요한 도구로는 톱, 거품 칼, 못 박는 기계 등이 사용될 수 있습니다. 몰딩을 잘라야 할 때는 톱을 사용하고, 몰딩을 맞추고 붙일 때는 접착제를 사용하여 고정합니다."
몰딩수정에 사용되는 재료나 도구는 무엇인가요?,"몰딩 수정에 사용되는 재료나 도구로는 몰딩 접착제, 몰딩 패치나 몰딩 겹침을 위한 몰딩 재료, 몰딩을 자르고 모양을 맞추기 위한 톱과 거친 부분을 다듬기 위한 패, 몰딩을 고정시키기 위한 못 및 못 침기, 그리고 마무리를 위한 몰딩 페인트나 몰딩 터치업 페인트 등이 있습니다. 이러한 재료와 도구를 사용하여 몰딩 수정 작업을 효과적으로 수행할 수 있습니다."
어떤 환경조건으로 인해 인테리어 몰딩이 변형될 수 있나요? (마감하자),"인테리어 몰딩이 변형될 수 있는 환경 조건으로는 고온 다습한 환경이 주로 있습니다. 특히 습도와 온도의 급격한 변화는 몰딩의 수분 흡수와 팽창을 유발할 수 있으며, 이로 인해 변형이 발생할 수 있습니다. 또한 직사광선에 노출되거나 공기 순환이 부족한 곳에서는 몰딩의 색상 변화나 피폭이 발생할 수 있습니다. 따라서 온도와 습도를 조절하고 직사광선을 차단하는 등의 조치가 필요합니다."
어떤 요인이 인테리어 몰딩의 변형을 유발할 수 있나요?,"인테리어 몰딩의 변형을 유발하는 요인으로는 습기와 건조, 온도 변화, 그리고 부적절한 설치가 있습니다. 습기는 목재가 흡수하여 팽창하고 수축하는 과정에서 몰딩을 변형시킬 수 있습니다. 또한 온도의 변화로 인해 목재가 팽창하거나 수축하여 몰딩의 형태가 변할 수 있습니다. 마지막으로, 몰딩을 부적절하게 설치하면 몰딩이 굽어지거나 휘어지는 등의 변형이 발생할 수 있습니다. 이러한 요인을 고려하여 몰딩을 설치하고 관리하는 것이 중요합니다."
석고보드를 이동시킬 때 도배지 꼬임을 방지하는 방법은 무엇인가요?,"석고보드를 이동할 때 도배지 꼬임을 방지하기 위해선, 보드를 들어 옮기는 동안 꼼꼼히 지지해야 합니다. 보드가 꼬이지 않도록 평평한 표면에 올려놓고 적절한 크기의 이동용 캐리어나 카트를 사용하는 것이 좋습니다. 또한 보드를 들어 옮길 때는 너무 길게 들어 올리지 않고 안정적으로 유지하여야 하며, 여러 명이 함께 작업하여 보드를 안전하게 이동하는 것이 중요합니다."
석고보드를 고정하는데 사용되는 장비는 무엇인가요?,"석고보드를 고정하는데 사용되는 주요 장비로는 전동 나사 고정기가 있습니다. 이 장비는 전동 나사 드라이버와 함께 사용되며, 석고보드를 벽면에 고정하는 데 필요한 나사를 빠르고 효율적으로 고정할 수 있습니다. 전동 나사 고정기는 작업 시간을 단축하고 공간을 깔끔하게 마무리하는 데 도움이 됩니다."
"마감하자.석고수정을 사용하여 인테리어 장식품을 만들 때, 온도나 습도의 변화에 따라 석고수정이 물리적으로 변화할 수 있을까요?","예, 온도나 습도의 변화에 따라 석고수정이 물리적으로 변화할 수 있습니다. 특히 습기가 많은 환경에서는 석고수정이 흡수하여 부피가 변하고 건조할 때 다시 수축할 수 있습니다. 또한 고온에서는 석고수정이 빠르게 건조되어 결정 구조가 변형될 수 있습니다. 따라서 석고수정을 사용하여 인테리어 장식품을 만들 때는 환경 조건을 고려하여 적절한 시간을 기다리고 보호층을 사용하여 안정화시키는 것이 중요합니다."
"석고수정을 사용하여 인테리어 장식품을 만들 때, 석고수정의 물리적 특성은 어떻게 변화할 수 있을까요?","석고수정을 사용하여 인테리어 장식품을 만들 때, 온도와 습도 변화에 따라 석고수정의 물리적 특성이 변화할 수 있습니다. 예를 들어, 습도가 높으면 석고수정이 빨리 건조되지 않고, 결정 구조에 영향을 줄 수 있습니다. 또한, 고온에서는 석고수정이 빠르게 경화될 수 있어 구조의 강도가 증가할 수 있습니다."
도배 작업을 마칠 때 도배지 무늬의 패턴이 이어지지 않는 이유가 무엇인가요?,"도배 작업을 마칠 때 도배지 무늬의 패턴이 이어지지 않는 이유는 주로 부주의한 측정, 잘못된 잘라내기, 부적절한 정렬 등이 있습니다. 또한 도배지의 제조 불량이나 패턴의 일관성이 부족한 경우에도 이러한 문제가 발생할 수 있습니다. 결국 정확한 준비와 조심스러운 시공이 필요하며, 실수를 최소화하기 위해 정확한 계획과 주의가 필요합니다."
도배 작업 시 도배지 무늬가 일정 간격으로 반복되지 않는 이유는 무엇인가요?,도배 작업 시 도배지 무늬가 일정 간격으로 반복되지 않는 이유는 제작 과정에서 발생하는 미세한 차이 때문입니다. 도배지의 생산 및 인쇄 과정에서 발생하는 인쇄기의 정확성이나 재료의 불균일성 등으로 인해 각 도배지가 약간씩 다를 수 있습니다. 이러한 차이로 인해 일정한 간격으로 무늬가 반복되지 않을 수 있습니다.
도배지에 얼룩이 생기면 어떻게 처리해야 할까요? (마감하자 카테고리),도배지에 얼룩이 생기면 먼저 얼룩의 종류와 원인을 파악해야 합니다. 일반적으로 중성 세제와 따뜻한 물을 사용하여 가볍게 닦아내는 것이 좋습니다. 하지만 얼룩이 물에 녹지 않는 지속적인 얼룩이라면 특수 클리너나 베이킹 소다 솔루션을 활용할 수 있습니다. 마지막으로 닦아내고 난 후에는 깨끗한 수건으로 얼룩을 닦아내어 완전히 건조시켜야 합니다.
도배지에 얼룩이 생기면 어떤 제품을 사용해야 할까요?,"도배지에 얼룩이 생길 경우 일반적으로 중성세제와 따뜻한 물을 사용하여 얼룩을 닦거나, 산소표백제나 클리닝 액을 이용해 시도해 볼 수 있습니다. 그러나 심한 얼룩이나 어려운 경우에는 전문가의 조언을 구하는 것이 좋습니다."
"완전히 높은 습도가 있는 지역에 살고 있는데, 녹이 도배지에 묻어나올 수 있는지 어떻게 예방할 수 있을까요?","완전히 높은 습도가 있는 지역에 살고 있다면, 녹이 도배지에 묻어나올 수 있습니다. 이를 예방하기 위해서는 습도 조절을 위한 환기 시스템을 구축하거나 제습기를 사용하는 것이 중요합니다. 또한 방습성이 우수한 도배재나 특수 방수 처리가 필요한 경우도 있으므로, 전문가의 조언을 구하는 것이 좋습니다."
습기가 많은 환경에서 녹이 도배지에 생기는 것을 방지하기 위한 방법은 무엇인가요?,"습기가 많은 환경에서 녹을 방지하기 위해 도배지를 설치할 때 방수 기능이 있는 제품을 선택하는 것이 중요합니다. 또한 실내 환기를 잘 시켜 습기를 줄이고, 습기가 많은 곳에 녹이 발생하지 않도록 주기적으로 관리하는 것이 필요합니다. 추가적으로 녹을 방지하기 위해 건조제나 방습제를 사용하는 것도 도움이 될 수 있습니다."
도배지에 사용된 화학 물질이 주로 어떤 종류인가요? 그리고 이러한 화학 물질이 도배지에 오염을 일으킬 수 있는 가능성이 있을까요?,"도배지에 사용된 화학 물질은 주로 플라스틱 물질과 유기 용제로 구성됩니다. 이러한 화학 물질은 도배지의 유연성과 내구성을 향상시키는 데 사용됩니다. 그러나 이러한 화학 물질은 오랜 시간 동안 도배지에서 방출될 수 있으며, 이는 공기 중에 유해 물질을 배출하여 환경 오염을 초래할 수 있습니다. 따라서 화학 물질의 사용량과 안전성에 대한 고려가 필요합니다."
도배지에 사용된 화학 물질이 어떤 방식으로 도배지의 색상과 질감을 개선하는데 도움을 주나요? 그리고 이러한 화학 물질이 도배지의 내구성에 어떤 영향을 미칠 수 있을까요?,"도배지에 사용된 화학 물질은 색상과 질감을 개선하고 보호하는 역할을 합니다. 이러한 물질들은 색소나 표면 가공제 등을 포함하여 도배지의 외관을 미적으로 개선하고, 표면을 부드럽게 만들어 줍니다. 그러나 이러한 화학 물질이 내구성에는 다소 영향을 미칠 수 있습니다. 일부 화학 물질은 시간이 지남에 따라 도배지의 내구성을 약화시킬 수 있고, 오랜 기간 사용되면 표면의 퇴색이나 변색을 초래할 수도 있습니다. 따라서 올바른 화학 물질의 선택과 적절한 사용이 중요합니다."
공간 내 습도 조절을 위해 사용할 수 있는 효과적인 도배지 선택 방법은 무엇인가요?,"공간 내 습도 조절을 위해 사용할 수 있는 효과적인 도배지 선택 방법은 습기를 흡수하고 발산할 수 있는 통기성이 우수한 도배지를 선택하는 것입니다. 특히 통기성이 뛰어난 천연 소재인 종이나 목재 기반의 도배지를 선택하는 것이 좋습니다. 또한 방수나 방습 처리가 되어 있는 도배지를 선택하여 습기에 대비할 수 있습니다. 이러한 도배지는 습도 조절에 도움을 주며, 내구성과 미관을 동시에 유지할 수 있습니다."
습도 조절을 위해 도배지를 선택할 때 고려해야 하는 주요 요소는 무엇인가요?,"도배지를 선택할 때 고려해야 하는 주요 요소는 재료의 흡수율과 내구성입니다. 습도가 높은 환경에서는 흡습에 강한 도배재를 선택해야 합니다. 특히 비닐 도배재는 습도에 민감하여 변형이나 손상을 입을 수 있으므로 주의가 필요합니다. 또한 내구성이 중요한데, 습기가 많은 곳에서는 금속이나 석재와 같은 내구성이 뛰어난 재료를 고려하는 것이 좋습니다. 이를 통해 습도 조절과 함께 오랜 기간 동안도 색상과 질감을 유지할 수 있습니다."
부적절한 접착제를 사용했을 때 발생하는 도배지 꼬임 현상을 방지하는 가장 효과적인 방법은 무엇인가요?,"부적절한 접착제 사용으로 인한 도배지 꼬임 현상을 방지하기 위해선, 제조업체의 권장 사양에 따라 적절한 접착제를 선택해야 합니다. 또한 접착제를 골고루 발라 도배지를 부착하고, 압력을 가해 균일하게 고정해야 합니다. 시공 전에는 접착제의 건조 시간을 충분히 고려하여 조심스럽게 부착하고, 필요시 전문가의 도움을 받는 것이 중요합니다."
부적절한 접착제를 사용했을 때 발생하는 도배지 꼬임 현상을 해결하기 위한 전문가들의 권장 방법은 무엇인가요?,부적절한 접착제로 인한 도배지 꼬임 현상을 해결하기 위해 전문가들은 먼저 해당 부분을 분해하고 새로운 접착제를 사용하여 다시 도배지를 부착하는 것을 권장합니다. 이 과정에서 기존 접착제의 잔여물을 철저히 제거하고 표면을 매끄럽게 다듬어야 합니다. 또한 새로 부착할 도배지와 접착제를 신중하게 선택하여 부적절한 조합을 피하고 최적의 부착력을 확보해야 합니다.
벽지에 반점이 생기는 원인을 예방하기 위해 어떤 마감재를 사용해야 하나요?,"벽지에 반점이 생기는 원인을 예방하기 위해, 방수성과 세정 용이성이 뛰어난 마감재를 선택해야 합니다. 특히 반점이 자주 발생하는 곳에는 플라스틱 벽지나 방수 처리가 된 특수 종이 벽지를 사용하는 것이 좋습니다. 이러한 마감재는 물에 강하고 먼지가 덜 쌓이므로 반점이 쉽게 생기지 않습니다."
"벽지에 반점이 생기는 이유는 무엇이며, 그것을 방지하기 위한 방법은 무엇인가요?","벽지의 얼룩은 여러 가지 원인이 있습니다. 곰팡이, 수분, 먼지, 연기 등이 벽지에 얼룩을 일으킬 수 있습니다. 벽지의 얼룩을 방지하려면 다음과 같은 방법을 따르세요.
 
 1. 곰팡이를 예방하세요. 곰팡이는 습한 환경에서 번식합니다. 곰팡이가 생기지 않게 하려면 환기를 잘 하고 습도를 낮게 유지하세요.
 2. 수분을 피하세요. 벽지에 물이 묻으면 얼룩이 생길 수 있습니다. 물을 흘렸을 때는 즉시 닦아내세요.
 3. 먼지를 제거하세요. 먼지는 벽지에 얼룩을 남길 수 있습니다. 벽지의 먼지를 정기적으로 제거하세요.
 4. 연기를 피하세요. 연기는 벽지에 얼룩을 남길 수 있습니다. 담배를 피우거나 요리할 때는 창문을 열어 환기를 하세요."
마감하자에서 피스 하자가 발생하는 이유는 무엇일까요?,"마감하자에서 피스 하자가 발생하는 주된 이유는 재료의 결함이나 제조 공정의 문제 때문입니다. 불량한 재료나 부적절한 제조 과정으로 인해 제품의 품질이 저하되어 피스 하자가 발생할 수 있습니다. 또한 작업자의 부주의나 기술적인 오류도 피스 하자를 유발할 수 있으므로, 정확한 시공 절차와 품질 관리가 필요합니다."
마감하자를 방지하기 위한 효과적인 방법은 무엇인가요?,"마감하자로 인한 피해를 방지하려면 먼저 하자 발생 요인을 파악하는 것이 중요합니다. 일반적으로 하자는 설계, 시공, 재료의 결함에서 발생하며, 이를 방지하려면 철저한 검토와 관리가 필요합니다. 구체적인 예로는 다음과 같습니다.
 
 * 설계 단계에서 여러 건축사가 검토하여 결함을 최소화하는 것
 * 시공 단계에서 숙련된 기술자를 고용하고 엄격한 품질관리를 실시하는 것
 * 재료 선정시 품질이 입증된 제품을 선택하고 적절한 시공 방법을 사용하는 것
 
 이러한 조치를 취함으로써 하자 발생 가능성을 줄이고 건물의 장기적인 성능과 내구성을 향상시킬 수 있습니다. 또한, 정기적인 유지보수와 점검을 통해 문제를 조기에 발견하고 사전 대응하는 것도 중요합니다."
외부 온도가 매우 높거나 낮은 지역에서는 내부 공간의 마감재에 어떤 영향을 미칠 수 있을까요?,"외부 온도가 매우 높거나 낮은 지역에서는 내부 공간의 마감재에 영향을 미칠 수 있습니다. 높은 온도는 마감재의 팽창을 초래하고, 낮은 온도는 수축을 유발할 수 있습니다. 이러한 온도 변화로 인해 마감재의 변형이나 균열이 발생할 수 있으며, 내구성과 미관에 영향을 미칠 수 있습니다. 따라서 온도 변화에 따른 마감재의 확장과 수축을 고려하여 적절한 재료를 선택하고 시공하는 것이 중요합니다."
외부 온도가 극단적으로 변하는 지역에서는 내부 공간의 온도 조절을 위해 어떤 종류의 시스템을 사용할 수 있을까요?,"극단적인 외부 온도 변화를 완화하는 내부 온도 조절 시스템:
 
 1. 패시브 솔라 디자인: 열량을 수집하고 저장하는 천장, 벽, 바닥 구조 활용
 2. 지중열 시스템: 지하의 상대적으로 안정적인 온도를 이용하여 냉난방
 3. 복사 냉방 패널: 차가운 표면으로부터 복사 에너지를 방출하여 공간 냉방
 4. 에바포레이티브 냉각기: 공기 중의 수분을 증발시켜 공기를 냉방
 5. 복합 에너지 회수 시스템: 배기 공기에서 열을 회수하여 신선한 공기 가열이나 냉방"
건물 구조에 석고수정이 발생할 수 있는 구조적 결함은 무엇인가요?,"건물 구조에 석고수정이 발생할 수 있는 구조적 결함으로는 기초나 벽체의 변형이나 침하, 건물의 흔들림 등이 해당됩니다. 이러한 구조적 결함으로 인해 건물의 안정성이 저해되고, 석고수정이 발생할 수 있습니다. 따라서 건물의 구조적 결함을 사전에 파악하고 적절한 보강 및 보수 작업을 수행하여 석고수정 발생을 예방하는 것이 중요합니다."
건물 구조에서 석고수정이 발생하는 원인은 무엇인가요?,"건축 전문가의 시각에서 볼 때, 석고결정이 발생하는 이유는 다양합니다. 환경적인 요인, 예를 들어 습도와 온도 변화가 영향을 미칠 수 있으며, 건축 재료의 품질과 사용 방법도 중요합니다. 또한 구조적 결함이나 설계상의 문제도 석고결정을 유발할 수 있습니다. 이러한 요소들이 상호작용하여 석고결정이 발생하게 됩니다."
몰딩을 설치할 때 도배지를 너무 작게 자르면 몰딩과 도배지 사이에 틈새가 생길 수 있을까요?,"네, 몰딩을 설치할 때 도배지를 너무 작게 자르면 몰딩과 도배지 사이에 틈새가 생길 수 있습니다. 도배지가 충분한 크기로 잘려야 몰딩이 완전히 밀착되며 공간이 없어지므로 이는 틈새를 방지하는 데 중요합니다. 따라서 정확한 측정과 신중한 절단이 필요합니다."
몰딩을 설치할 때 도배지를 너무 크게 자르면 몰딩이 제대로 고정되지 않을 수 있을까요?,도배지가 너무 크면 몰딩과 벽 사이에 너무 많은 공간이 생겨 몰딩이 제대로 고정되지 않습니다. 도배지는 몰딩의 크기보다 약간 작게 자르는 것이 좋습니다.
고습도로 인해 도배지의 끝부분이 들락날락 하는것을 해결하기 위한 가장 효과적인 방법은 무엇일까요?,"고습도로 인한 도배지 끝부분의 들락날락을 해결하기 위해 가장 효과적인 방법은 도배지를 부착할 때 적절한 접착제를 사용하고 충분한 압력으로 고정하는 것입니다. 또한, 고습지역에 적합한 방수나 방습 처리가 된 도배지를 선택하는 것이 중요합니다. 이외에도 공간의 적절한 환기를 유지하고 습기 조절을 위한 보조 장치를 설치하여 습도를 관리하는 것도 효과적입니다."
고습도로 인해 도배지의 끝부분이 들락날락 하는 현상을 방지하기 위한 기술적인 해결책은 무엇인가요?,"도배지의 끝부분이 들락날락하는 것을 방지하기 위한 기술적 해결책으로는 다음과 같은 방법이 있습니다.
 
 * 도배지의 끝부분을 테이프로 고정: 도배하기 전에 도배지의 끝부분을 건물 표면에 테이프로 고정하면 도배 중에 도배지가 움직이지 않도록 할 수 있습니다.
 * 도배지의 끝부분에 접착제를 바름: 도배지의 끝부분에 접착제를 바르면 도배지가 건물 표면에 붙어 들락날락하는 것을 방지할 수 있습니다.
 * 도배지의 끝부분을 접어서 고정: 도배지의 끝부분을 접어서 고정하면 도배지가 들락날락하는 것을 방지할 수 있습니다."
도배지에 녹이 묻어나왔을 때 어떻게 마감하고 처리해야 할까요?,"도배지에 녹이 묻어나왔을 때, 우선 녹의 원인을 파악하고 제거해야 합니다. 녹은 일반적으로 수분과 산소의 영향으로 발생하므로, 해당 부분을 건조하고 세척하여 녹을 제거합니다. 그 후에는 방수나 방습 처리가 된 도배지로 교체하거나, 녹이 생긴 부분을 특수 클리너로 세척하여 처리합니다. 필요에 따라 녹을 제거한 후에는 해당 부분을 다시 도배하는 것이 좋습니다."
도배지에 녹이 묻어나왔을 때 어떻게 제거하고 예방할 수 있을까요?,"도배지에 녹이 묻어나온 경우, 샌드페이퍼나 스틸 울을 이용해 녹을 제거한 후, 방청제를 바르고 도색을 다시 해야 합니다. 예방하기 위해서는 도색 전에 철재 표면을 철저히 청소하고 방청제를 바르는 것이 중요합니다."
마감하자에서 훼손이란 무엇을 의미하나요?,"마감하자에서 훼손은 건물 내부나 외부의 마감재나 구조물이 손상되거나 파손된 상태를 가리킵니다. 이는 물리적 충격, 오염, 낙하물, 악천후 등으로 인해 발생할 수 있으며, 건물의 안전성과 미관에 영향을 줄 수 있습니다. 따라서 훼손된 부분은 조속히 복원하고 보수하여 건물을 유지하는 것이 중요합니다."
마감하자에서 훼손이 발생하는 이유는 무엇인가요?,"마감재의 훼손은 여러 요인에 의해 발생할 수 있습니다. 먼저 자연적 요소인 날씨 변화나 습도 등이 영향을 미칩니다. 그 외에도 부주의한 사용이나 유지보수 부족, 또는 부적합한 재료 선택 등이 훼손을 초래할 수 있습니다. 건축물의 구조적 결함이나 설계상의 오류도 문제가 될 수 있습니다. 이러한 요인들이 상호작용하여 마감재의 훼손이 발생하게 됩니다."
"건축물의 외부 온도와 내부 온도가 큰 차이가 있을 때, 곰팡이가 발생할 가능성이 높아지나요?","네, 건축물의 외부 온도와 내부 온도가 큰 차이가 있을 때 곰팡이 발생 가능성이 높아집니다. 외부에서 내부로의 온도 변화는 습도 조건을 변화시킬 수 있으며, 곰팡이는 습기와 온도가 적절한 환경에서 번식합니다. 따라서 실내의 공기가 충분히 건조하지 않거나 외부와의 열적 차이가 크면 습기가 응축되어 곰팡이 발생 가능성이 증가할 수 있습니다. 이를 방지하기 위해서는 실내 습도를 적정 수준으로 유지하고 적절한 환기를 유지하는 것이 중요합니다."
"건축물의 외부 온도와 내부 온도가 큰 차이가 발생할 때, 건축물의 내부 구조에 어떤 영향을 줄 수 있나요?","건축물 내부와 외부 온도차가 클 경우, 내부 구조에 다음과 같은 영향을 줄 수 있습니다.
 
 * 팽창 및 수축: 온도 변화에 따라 건축 자재는 팽창하거나 수축하여 구조적 응력을 유발할 수 있습니다.
 * 결로: 외부 공기가 건물 내부로 유입되어 건축 자재의 표면에 결로를 유발할 수 있습니다. 이는 곰팡이 발생, 부식, 건축 자재 손상으로 이어질 수 있습니다.
 * 에너지 손실: 온도 차이로 인해 열이 건물 외부로 빠져나가 에너지 손실을 초래할 수 있습니다.
 * 건축 자재 손상: 극심한 온도 변화는 건축 자재의 내구성을 저하시켜 균열, 변형, 손상을 유발할 수 있습니다.
 * 주민 불편함: 온도 차이는 주민의 편안함과 건강에 영향을 줄 수 있습니다."
벽지 안쪽의 못 등의 작은 피스로 인해 발생하는 마감하자는 어떤 방식으로 수정하거나 예방할 수 있을까요?,"벽지 안쪽의 못 등 작은 피스로 인한 마감하자는 정밀한 작업이 필요합니다. 이를 수정하기 위해서는 먼저 벽을 분석하고, 작은 피스가 벽 내부에 존재하는지 확인해야 합니다. 그 후에는 전문가의 도움을 받아 벽을 개조하거나, 필요한 경우 피스를 제거하고 벽을 다시 마감하는 작업이 필요합니다. 예방하기 위해서는 벽을 설치할 때 정확한 측정과 신중한 공정이 필요하며, 못 등 작은 피스가 벽 내부에 들어가지 않도록 주의를 기울여야 합니다."
벽지의 표면에 생긴 습기로 인한 변색을 어떻게 예방하거나 수정할 수 있을까요?,"습기 예방:
 * 환기를 잘하고 습도를 낮추는 환기 시스템 또는 제습기 사용
 * 벽에 기름이나 곰팡이 방지제 바르기
 * 피해 부위를 건조시킨 후 벽지 수리 키트 사용
 
 변색 수정:
 * 표백제 또는 살균제 희석액 사용 (벽지 유형 확인 필요)
 * 전문 벽지 수리업자에게 문의하기"
완전히 인테리어 디자인에서 석고수정을 사용하는 이유는 무엇인가요?,"완전히 인테리어 디자인에서 석고수정을 사용하는 이유는 그것의 다재다능성과 미적 가치 때문입니다. 석고수정은 다양한 형태로 가공되어 다양한 디자인을 구현할 수 있으며, 고급스럽고 우아한 느낌을 제공합니다. 또한 석고수정은 쉽게 가공되고 형태가 변형되므로, 복잡한 디자인이나 장식을 만들기에 이상적입니다. 이러한 이유로 석고수정은 인테리어 디자인에서 매우 인기 있는 재료 중 하나입니다."
석고수정을 활용한 인테리어 디자인에서 주로 사용되는 색상은 무엇인가요?,"석고수정을 활용한 인테리어 디자인에서는 다양한 색상이 사용됩니다. 주로 중립적인 톤인 흰색, 베이지, 회색 등이 많이 선택됩니다. 이들은 고급스럽고 모던한 느낌을 주며, 다양한 인테리어 스타일과 잘 어울립니다. 또한 강조하고자 하는 분위기나 콘셉트에 따라 더 어두운 색상이나 포인트 컬러로 선정되기도 합니다."
도배지에 곰팡이가 생긴 이유와 곰팡이를 제거하는 효과적인 방법에 대해 알려주세요.,"도배지에 곰팡이가 생기는 이유는 습기가 축적되고 통풍이 부족하여 습기가 증가하는 환경에서 발생합니다. 곰팡이를 제거하기 위한 효과적인 방법은 먼저, 곰팡이가 생긴 부분을 건조하게 만들고 환기를 유지하여 습기를 줄입니다. 그 후에는 곰팡이 제거제나 식초를 이용하여 곰팡이를 제거하고, 세제나 브러시를 사용하여 깨끗이 닦아내야 합니다. 곰팡이 예방을 위해서는 건조한 환경을 유지하고 주기적으로 청소하여 습기를 제거하는 것이 중요합니다."
"도배지에 곰팡이가 생기는 환경적 요인은 무엇이며, 곰팡이 예방을 위한 조치는 어떤 것이 있을까요?","도배지에 곰팡이가 생기는 주된 환경적 요인은 습기와 통풍 부족입니다. 높은 습도는 곰팡이 번식에 이상적인 환경을 제공하며, 부족한 통풍은 습기를 제거하지 못해 문제를 악화시킵니다. 곰팡이 예방을 위한 조치로는 청결을 유지하고 습기를 통제하는 것이 중요합니다. 수분이 쌓이지 않도록 실내 환경을 건조하게 유지하고, 특히 욕실이나 주방과 같이 습기가 많은 곳은 잘 환기해야 합니다. 또한 방충망을 사용하여 공기 흐름을 향상시키고, 곰팡이 성장을 억제하는 방향으로 환경을 개선할 수 있습니다."
"마감하자: 주택 보수 및 인테리어

벽에 뚫린 구멍을 마감할 때 가장 효율적인 방법은 무엇인가요?","벽에 뚫린 구멍을 효율적으로 마감하는 방법은 크기와 깊이에 따라 다릅니다. 작은 구멍의 경우 벽용 광물 섞인 패치를 사용하여 매끄럽게 채우고, 큰 구멍의 경우는 각종 보강재를 사용하여 벽면을 복구합니다. 이후 성형 및 마감 작업을 통해 구멍이 자연스럽게 복원됩니다. 필요에 따라 페인트로 마무리하여 완벽한 마감을 완성합니다."
벽에 구멍이 뚫려 있을 때 어떤 재료를 사용해야 마감이 가장 잘 될까요?,"벽에 구멍이 뚫려 있을 때 적절한 마감재로는 주로 콘크리트 리페어나 몰딩 컴파운드와 같은 보강재가 사용됩니다. 이러한 재료들은 구멍을 메우고 균일한 표면을 형성하여 마감 작업을 용이하게 합니다. 특히 콘크리트 리페어는 콘크리트 구멍을 보수하고 강도를 유지하는 데 효과적이며, 몰딩 컴파운드는 벽면을 부드럽게 마감하여 페인트나 타일 장착을 준비할 수 있도록 돕습니다."
습도를 제어할 수 있는 특별한 도배지 제품이 있나요?,"네, 습도를 제어할 수 있는 특별한 도배지 제품이 있습니다. 방수나 방습 처리가 된 특수 도배지가 있어 습기가 높은 환경에서도 곰팡이나 곰이 발생하지 않도록 도와줍니다. 또한 습기를 흡수하고 배출하는 기능을 갖춘 특수 도배지도 있어 습도를 조절하는 데 도움을 줍니다. 이러한 제품들은 고습 지역이나 습도가 높은 환경에 적합하며, 내구성과 미관을 유지하는 데 효과적입니다."
습도 조절을 위한 특수 도배지 제품은 어떤 종류가 있나요?,습도 조절을 위한 특수 도배지 제품으로는 습기를 흡수하고 방출하는 기능을 갖춘 통기성 도배지가 주로 사용됩니다. 또한 습기가 높은 환경에서 사용할 수 있는 방수 도배지도 있습니다. 이러한 제품들은 습기로부터 벽을 보호하고 내구성을 높여줍니다. 그 외에도 환기성이 우수한 통기성 도배지나 습기를 조절하는 특수 도료도 있습니다.
도배작업을 마친 후 건조시간을 충분히 확보하지 않으면 도배지에 꼬임이 발생할 가능성이 있나요?,"네, 도배작업을 마친 후 충분한 건조시간을 확보하지 않으면 도배지에 꼬임이 발생할 수 있습니다. 충분한 건조시간을 확보하지 않으면 도배지의 접착력이 충분하지 않아 각종 외부 요인에 의해 도배지가 변형될 수 있습니다. 또한 습기나 온도의 변화에 따라 도배지가 수축하거나 팽창할 수 있으며, 이로 인해 꼬임이 발생할 수 있습니다. 따라서 도배작업 후 충분한 건조시간을 확보하여 꼬임을 방지하는 것이 중요합니다."
도배작업을 마친 후 건조시간을 충분히 확보하지 않으면 도배지에 꼬임이 발생하는 이유는 무엇인가요?,도배작업을 마친 후 충분한 건조시간을 확보하지 않으면 도배지가 완전히 고체화되지 못하고 습기를 내부에 가두게 됩니다. 이로 인해 도배지가 부분적으로 굳지 못하고 변형되거나 꼬이게 됩니다. 특히 습도가 높은 환경에서는 이러한 현상이 더욱 심각해질 수 있습니다. 따라서 충분한 건조시간을 확보하는 것은 도배작업의 품질을 유지하는 데 중요합니다.
도배지에 생긴 반점을 마감하기 위한 가장 효과적인 방법은 무엇인가요?,"도배지에 생긴 반점을 마감하기 위한 가장 효과적인 방법은 먼저 반점의 원인을 파악한 후에 그에 맞는 방법을 선택하는 것입니다. 일반적으로 반점은 물, 오일, 먼지 등 다양한 요인으로 인해 발생할 수 있습니다. 물에 의한 반점은 건조한 천으로 살짝 닦거나, 오일에 의한 반점은 중성세제를 사용하여 닦아내는 것이 효과적입니다. 먼지에 의한 반점은 부드러운 천을 사용하여 가볍게 닦아내면 됩니다. 경우에 따라서는 반점이 지속되면 해당 부분을 다시 도배하는 것이 필요할 수 있습니다."
도배지에 생긴 반점을 마감하는 데 가장 효과적인 재료는 무엇인가요?,도배지에 생긴 반점을 가장 효과적으로 마감하는 재료로는 주로 벽지 리페어 패스트나 몰딩 컴파운드와 같은 보강재가 사용됩니다. 이러한 재료들은 반점을 균일하게 메우고 부드러운 마무리를 제공하여 도배지의 외관을 개선합니다. 특히 벽지 리페어 패스트는 빠르게 건조되는 특성을 가지고 있어 신속하게 작업을 마칠 수 있습니다.
도배를 하는 데 필요한 재료와 비용은 어떻게 계산하나요?,"도배를 할 때 필요한 재료와 비용을 계산하는 것은 전체 면적, 사용할 도배지의 종류 및 품질, 작업에 필요한 기타 소재 등을 고려해야 합니다. 먼저 도배할 벽 또는 바닥의 넓이를 측정하고, 선택한 도배지의 가격을 곱하여 도배재의 비용을 계산합니다. 추가적으로 접착제, 교정재, 그리고 작업 시 필요한 도구와 장비의 비용도 고려해야 합니다. 전문가에게 견적을 요청하여 정확한 비용을 파악하는 것이 중요합니다."
도배 작업 시에 가장 중요한 포인트는 무엇인가요?,"도색 작업에서 가장 중요한 요소는 표면 준비입니다. 표면이 매끄럽고 깨끗해야 도료가 제대로 부착되어 오래 지속됩니다. 먼지, 기름, 곰팡이 등을 제거하고 표면을 평평하게 연마해야 합니다. 이렇게 하면 도료가 표면에 더 잘 부착되고 균일한 마감을 만들 수 있습니다."
수성 벽체용 탄성 방수 도료를 사용하는 경우 시공 과정에서 어떤 장점이 있나요?,"수성 벽체용 탄성 방수 도료를 사용하는 경우 시공 과정에서 주요 장점 중 하나는 빠른 건조 시간과 간편한 사용입니다. 이 도료는 물기에 강하고 탄성이 뛰어나므로 벽체의 확장 및 수축을 흡수하여 균일한 방수 보호를 제공합니다. 또한 수성 벽체용 탄성 방수 도료는 친환경적이며, 장기간 내구성을 보장하여 건축물을 효과적으로 보호합니다."
수성 벽체용 탄성 방수 도료를 선택하는 이유는 무엇인가요?,"수성 벽체용 탄성 방수 도료는 다음과 같은 이유로 선택됩니다.
 
 * 내구성: 수분과 습기를 견디는 뛰어난 내구성을 제공합니다.
 * 유연성: 균열이나 손상에 강한 유연한 필름을 형성합니다.
 * 통기성: 수분을 흡수하면서도 건물 내부에 공기를 통과시킵니다.
 * 환경 친화적: 수성 기반이어서 인체나 환경에 해롭지 않습니다.
 * 쉬운 적용: 롤러나 붓으로 쉽게 적용할 수 있습니다."
"시공 분야에서 창문 유리에 금이 간 경우, 금을 제거하고 유리를 복원하는 최상의 방법은 무엇인가요?","창문 유리에 금이 간 경우, 이를 제거하고 유리를 복원하는 최상의 방법은 전문적인 유리 복원 서비스를 이용하는 것입니다. 이들은 전문 장비와 기술을 갖추고 있어 유리 표면의 금이나 다른 손상을 효과적으로 제거할 수 있습니다. 또한 이러한 서비스는 유리 표면을 다듬고 복원하여 원래 상태로 회복시키는 데 도움을 줍니다. DIY 방법보다 더욱 정확하고 안전하며 효과적인 해결책을 제공합니다."
"창문 유리에 금이 간 경우, 금을 제거하고 유리를 복원하는데 필요한 도구와 재료는 무엇인가요?","창문 유리에 금이 간 경우, 금을 제거하고 유리를 복원하기 위해 필요한 도구와 재료는 다양합니다. 먼저, 금을 제거하기 위해 유리 표면을 깨끗하게 닦는 도구와 소재가 필요합니다. 이때 유리 세척용 액체와 부드러운 천이 사용될 수 있습니다. 그 후에는 유리 표면을 광택을 내기 위해 유리 광택제와 마무리 천이 사용될 수 있습니다. 만약 금이 간 부분이 깊다면 세부적인 복원을 위해 유리 연마용 도구와 고급 유리 복원 재료도 필요할 수 있습니다."
왜 시공 중인 벽에는 페인트를 칠할 수 없는 것일까?,시공 중인 벽에 페인트를 칠할 수 없는 이유는 주로 벽재가 충분히 건조되지 않았기 때문입니다. 벽재가 충분히 건조되기 전에 페인트를 바르면 페인트가 제대로 마르지 않고 벽재에 습기가 남아 페인트가 벽에 부착되지 않을 수 있습니다. 또한 페인트가 바르는 동안 벽재가 움직일 수 있으며 이는 페인트의 균일한 분포를 방해할 수 있습니다. 따라서 벽재가 완전히 건조된 후에 페인트를 바르는 것이 중요합니다.
벽에 페인트를 칠할 때 왜 특별한 준비가 필요한가요?,"벽에 페인트를 칠할 때 특별한 준비가 필요한 이유는 다음과 같습니다.
 
 - 페인트가 벽에 제대로 붙도록 표면을 매끄럽게 만들어야 합니다.
 - 페인트가 벽에 흡수되는 것을 방지하여 균일한 마감을 보장해야 합니다.
 - 기존 페인트나 벽지 등을 제거하고 벽의 결함을 수리해야 합니다."
시공 업체에서 장판 마감 작업을 제공하는 경우가 있나요? ,"일반적으로 시공 업체에서는 장판 마감 작업을 제공하는 경우가 있습니다. 장판은 바닥 마감재로 사용되며, 시공 업체는 바닥재의 설치 및 마감을 전문적으로 수행합니다. 이들은 다양한 종류의 장판을 다루고, 바닥면의 평활성과 내구성을 보장하기 위해 전문 기술과 장비를 보유하고 있습니다. 장판 마감 작업은 바닥재 선택부터 설치 및 마감까지 고객의 요구에 맞춰 전문적으로 수행됩니다."
시공 업체에서 장판 마감 작업을 제공하는데 필요한 자격 요건은 무엇인가요?,"건설업자들이 장판 마감 작업을 수행하려면 건설업 면허증이 필요합니다. 면허증은 주정부 또는 지방 정부 기관에 의해 발급되며, 작업의 범위에 따라 다른 유형의 면허증이 필요할 수 있습니다. 예를 들어, 콘크리트 또는 모르타르를 붓는 작업에는 구조 엔지니어링 면허증이 필요할 수 있으며, 금속 프레이밍 작업에는 용접 면허증이 필요할 수 있습니다. 시공 업체는 또한 건설 지역에서 요구하는 모든 기타 허가 및 허가를 보유해야 합니다."
건축 시공 과정에서 수성 발수제를 사용하는 장점은 무엇인가요?,"건축 시공 과정에서 수성 발수제를 사용하는 장점 중 하나는 환경 친화성입니다. 수성 발수제는 환경에 덜 해를 끼치며, VOC(휘발성 유기 화합물)를 낮추어 건강에 더욱 이로울 수 있습니다. 또한 수성 발수제는 편리하게 사용할 수 있으며, 빠르게 마르고 냄새가 적습니다. 이는 시공 속도를 높이고 공간을 빠르게 사용할 수 있게 합니다. 끝으로, 수성 발수제는 수분, 오염, 그리고 일반적인 마모로부터 표면을 보호하여 내구성을 향상시킵니다."
수성 발수제를 사용하는 건축 시공 과정에서 발생할 수 있는 문제점은 무엇인가요?,"수성 발수제를 사용하는 건축 시공 과정에서 발생할 수 있는 문제점 중 하나는 발수제의 내구성 문제입니다. 특히 잘못된 사용이나 부적절한 표면에 발수제를 적용할 경우 효과가 제한될 수 있습니다. 또한 발수제의 특성에 따라 표면이 미끄러워질 수 있거나 색상이 변할 수도 있습니다. 더불어 발수제가 주변 환경에 미치는 영향도 고려해야 합니다. 예를 들어, 환경 오염이나 기타 화학물질과의 상호작용으로 인해 발수제의 성능이 저하될 수 있습니다."
기존 바닥재 위에 새 바닥재를 덧방하는 시공 방법과 주의사항은 무엇인가요?,"기존 바닥재 위에 새 바닥재를 덧방하는 시공 방법은 먼저 기존 바닥재의 표면을 청소하고 수평을 맞추는 것입니다. 그런 다음 바닥재 위에 적절한 접착제를 사용하여 새로운 바닥재를 고정시킵니다. 주의해야 할 점은 기존 바닥재의 표면이 깨끗하고 안정적이어야 하며, 새로운 바닥재의 두께가 문제 없이 공간 내에 맞아야 합니다. 또한 바닥재의 종류와 상태를 고려하여 적절한 접착제를 선택해야 합니다. 마지막으로 바닥재를 설치한 후 충분한 시간을 주어 접착제가 건조되도록 해야 합니다."
바닥재를 교체할 때 고려해야 할 점은 무엇인가요?,"바닥재를 교체할 때 고려해야 할 점은 여러 가지입니다. 먼저, 새로운 바닥재의 재질과 색상을 선택해야 합니다. 이는 공간의 느낌과 기능성에 큰 영향을 미칩니다. 또한 바닥재의 내구성과 유지보수 요구사항을 고려해야 합니다. 예를 들어, 주방이나 욕실과 같이 습기가 많은 곳에는 방수 기능이 있는 재료가 적합합니다. 또한 바닥의 상태와 건강에도 주의를 기울여야 합니다. 이전 바닥재의 결함을 보완하고 구조적인 안전을 고려해야 합니다. 마지막으로 작업 일정과 예산을 고려하여 바닥재 교체를 계획해야 합니다."
시공 작업 중에 줄퍼티 마감이 무엇이며 왜 중요한가요?,"줄퍼티 마감은 시공 작업 중에 벽면이나 천장의 연결 부위에 발생하는 작은 간격을 메우는 작업입니다. 이는 벽면과 천장의 미세한 차이나 불규칙한 부분을 보정하여 완만한 표면을 제공하고, 마감 작업을 더욱 완성도 있게 만듭니다. 또한 줄퍼티를 사용하여 간극을 메우면 페인트 또는 마감재가 훨씬 더 부착되며, 마감 작업의 내구성과 외관을 향상시킵니다. 따라서 줄퍼티 마감은 시공 작업의 마무리 단계에서 중요한 역할을 합니다."
시공 작업 중에 사용되는 줄퍼티 마감의 주요 특징은 무엇이며 어떤 역할을 하나요?,"줄퍼티 마감의 주요 특징은 유연성과 내구성입니다. 이 재료는 건축 시공 과정에서 다양한 표면에 사용될 수 있으며, 특히 다양한 형태와 각도에 맞게 조절할 수 있는 유연성을 가지고 있습니다. 또한 줄퍼티는 표면의 결함을 메우고 균일한 마감을 제공하여 건축물의 외관을 개선합니다. 특히 구조물 사이의 간격을 메우거나 모서리를 부드럽게 처리하는 데 사용되며, 완만한 곡선이나 각도를 형성하는 데에도 유용합니다."
내단열 시공을 선택하는 이유는 무엇인가요?,"내단열 시공을 선택하는 이유는 주로 두 가지입니다. 첫째, 내단열 시공은 건물 내부의 온도와 습도를 조절하여 편안한 환경을 유지하는 데 도움을 줍니다. 이는 에너지 효율성을 향상시켜 건물의 난방 및 냉방 비용을 절감할 수 있습니다. 둘째, 내단열 시공은 외부 소음을 흡수하고 건물 내부의 소음을 감소시키는데 도움이 됩니다. 따라서 내단열 시공은 건물의 편안성과 안정성을 높이는 데 기여합니다."
내단열 시공의 장점은 무엇인가요?,"내단열 시공의 주요 장점은 에너지 효율성과 내구성입니다. 내단열 재료는 건물의 열전도를 줄여 에너지 소비를 감소시키며, 실내의 온도를 안정화하여 편안한 환경을 유지합니다. 또한 내단열 시공은 건물의 외부와 내부를 견고하게 연결하여 구조물의 안정성을 향상시키고 장기적인 유지보수 비용을 절감하는 데 도움이 됩니다."
"시공 카테고리에 맞는 완전히 배관공사를 할 때 주변 환경이 어떤 요소에 영향을 줄 수 있고, 이를 어떻게 처리해야 할까요?",완전히 배관공사를 할 때 주변 환경은 소음과 진동 등의 요소에 영향을 줄 수 있습니다. 이는 인근 건물 또는 주택 주민에게 불편을 줄 수 있습니다. 이러한 경우를 대비하여 시간대를 조정하거나 소음을 줄이는 장비를 사용하여 주변 환경에 최소한의 영향을 미치도록 노력해야 합니다. 또한 주변 환경에 영향을 줄이기 위해 인근 건물 소유자와 협력하여 작업 계획을 조정하는 것이 중요합니다.
"시공 카테고리에 맞는 완전히 배관공사를 할 때 주변 환경이 어떤 영향을 받을 수 있으며, 이를 최소화하기 위한 방법은 무엇인가요?","시공 카테고리에 맞는 완전한 배관공사는 주변 환경에 영향을 줄 수 있습니다. 주로 소음과 진동, 먼지 등이 발생할 수 있습니다. 이를 최소화하기 위해서는 먼저 작업 일정을 조정하여 주변 활동이 최소화되도록 계획해야 합니다. 또한 적절한 소음 및 진동 저감 장치를 사용하여 소음과 진동을 줄여야 합니다. 먼지를 관리하기 위해 작업 영역을 봉쇄하고 진공 청소를 규칙적으로 실시하여 먼지 유출을 방지해야 합니다."
시공 분야에서 중요한 역할을 하는 스터드 공법에 대해 어떻게 설명하시겠어요?,"스터드 공법은 시공 분야에서 중요한 역할을 합니다. 이는 건물의 구조를 지탱하고 벽면을 견고하게 만들기 위해 사용됩니다. 일반적으로 목재나 금속으로 만들어진 스터드를 벽면의 프레임 구조로 설치합니다. 이러한 스터드는 벽면에 부착된 시공재의 무게를 지지하고, 내부 구조를 보강하여 건물의 안정성을 제공합니다. 스터드 공법은 건물의 내구성과 안전성을 향상시키는 데 중요한 역할을 합니다."
스터드 공법을 사용할 때 고려해야 하는 주요 요소는 무엇인가요?,"스터드 공법을 사용할 때 주요 고려 요소는 구조적 안전과 열 및 소음 절연입니다. 적절한 스터드 간격과 재료 선택은 건물의 안정성을 보장하며, 충분한 열 및 소음 절연을 제공합니다. 또한 건축 규정 및 현지 환경에 맞는 적절한 건축 설계가 필요합니다. 그리고 시공 과정에서는 정확한 측정과 신중한 작업이 필요하며, 스터드 공법의 특성을 고려하여 적절한 보강이나 보완 작업이 필요할 수 있습니다."
시공 작업을 계획하고 실행하는 데 있어서 가장 중요한 요소는 무엇인가요?,"시공 작업을 성공적으로 계획하고 실행하는 데 있어서 중요한 것은 효율적인 일정 조율과 자원 관리입니다. 적절한 시간에 필요한 자원을 확보하고 일정을 엄격히 준수하여 프로젝트를 원활히 진행할 수 있습니다. 또한, 명확한 의사소통과 팀원 간의 협력도 핵심적입니다. 이를 통해 문제를 빠르게 해결하고 효율적인 작업을 이룰 수 있습니다."
시공 작업에서 성공을 위해 가장 필수적인 전략은 무엇인가요?,"시공 작업에서 성공을 위한 가장 필수적인 전략은 철저한 계획입니다. 프로젝트의 모든 측면에 대한 철저하고 전반적인 계획을 세우면 잠재적인 문제를 식별하고 미리 예방 조치를 취할 수 있습니다.이는 또한 효율성을 높이고 지연 및 초과 비용을 최소화하는 데 도움이 됩니다. 프로젝트 계획은 프로젝트 범위, 일정, 예산, 자원 요구 사항, 의사 소통 계획 및 품질 관리 계획을 포함해야 합니다."
시공할 때 벽에 페인팅을 할 수 없는 장애물은 무엇이 있나요?,"벽에 페인팅을 제한하는 주요 장애물은 전기 배선, 수도 및 가스 파이프, 그리고 통풍 시스템과 같은 인프라 요소입니다. 또한, 벽면에 부착된 라이팅 및 소켓, 그림, 시계와 같은 장식품도 고려해야 합니다. 이러한 요소들은 안전과 기능성을 고려하여 시공 과정에서 주의 깊게 다뤄져야 합니다."
시공할 때 벽에 페인팅을 할 수 없는 이유는 무엇인가요?,시공 중 벽에 페인팅을 할 수 없는 이유는 건설이 진행 중일 때 먼지나 습기 등으로 인해 페인트가 손상되거나 변색될 수 있기 때문입니다.
시공 단계에서의 안전을 위해 고려해야 할 중요한 사항은 무엇인가요?,"시공 단계에서의 안전을 위해서는 작업자들의 안전 교육과 적절한 개인 보호장비(PPE)의 착용이 중요합니다. 또한, 안전 절차 및 규정을 준수하고 공정한 작업 환경을 조성해야 합니다. 작업 현장에서의 위험을 식별하고 예방하기 위해 감독자들은 지속적인 감시와 평가를 수행해야 합니다."
시공 단계에서 안전을 고려할 때 주의해야 할 중요한 점은 무엇인가요?,"시공 단계에서 안전을 고려할 때 주의해야 할 중요한 점은 작업자의 안전과 공사 현장의 안전을 보장하는 것입니다. 모든 작업자는 안전장비를 착용하고 안전규정을 준수해야 하며, 위험 요소에 대한 교육과 훈련을 받아야 합니다. 또한 공사 현장은 적절한 표지판과 안전장치로 보호되어야 하며, 작업 공간은 정기적으로 점검되고 정리되어야 합니다. 위험 요소를 사전에 파악하고 예방하는 것이 중요하며, 작업자 간의 협력과 의사소통도 필수적입니다."
어떤 건축물의 시공 방식을 결정짓는 요소들은 무엇인가요?,"건축물의 시공 방식은 건물의 크기, 용도, 재료, 그리고 예산 등 다양한 요소에 따라 결정됩니다. 또한, 시공 기간과 작업 환경, 지역적인 규제와 조건도 고려되어야 합니다. 건축물의 디자인과 기술적 요구사항 또한 중요한 영향을 미칩니다. 따라서 종합적인 접근과 전문가들의 조언을 통해 최적의 시공 방식을 결정할 수 있습니다."
건축물의 시공 방식을 결정짓는 요소들 중 가장 중요한 것은 무엇인가요?,"건축물 시공 방식을 결정짓는 요소들 중 가장 중요한 것은 건물의 용도와 기능입니다. 건물의 용도와 기능에 따라 필요한 구조적 요건, 공간적 요구 사항, 환경적 고려 사항이 결정되고, 이러한 요건을 충족하기 위한 적합한 시공 방식이 선택됩니다."
완전히 새로운 시공 카테고리의 건축 시공에서 속건형 유성 발수제를 사용하는 이유는 무엇인가요?,"속건형 유성 발수제는 새로운 건축 시공 카테고리에서 사용되는 이유는 그 탁월한 방수 기능과 높은 내구성 때문입니다. 이것은 건축물의 내부와 외부를 효과적으로 보호하여 구조물의 수명을 연장하고 유지보수 비용을 절감할 수 있습니다. 또한, 속건형 유성 발수제는 환경에 친화적이며 건물의 에너지 효율성을 향상시키는데 도움이 됩니다."
속건형 유성 발수제를 사용하는 시공 방법은 무엇인가요?,"속건형 유성 발수제를 사용하는 시공 방법은 주로 표면을 깨끗하게 청소하고 건조한 후, 발수제를 적절한 도구로 고르게 발라주는 것입니다. 이후 발수제가 표면에 스며들도록 충분한 시간을 주어야 합니다. 마감된 표면은 완전히 건조될 때까지 방수 효과가 유지됩니다."
"왜 벽에 페인트를 발라면 도배할 수 없는건가요?
","벽에 페인트를 발라도 도배할 수 없는 이유는 페인트가 벽면을 부드럽게 만들어 도배가 제대로 고정되지 않기 때문입니다. 페인트는 벽면에 밀착되어 표면을 부드럽게 만들지만, 이로 인해 도배 재료가 충분히 밀착되지 못하고 제대로 고정되지 않을 수 있습니다. 따라서 벽에 페인트를 발라면 도배를 하기 전에 페인트를 제거하고 벽면을 적절하게 처리해야 합니다."
벽에 페인트를 발라면 도배할 수 없는 이유는 무엇인가요?,벽에 페인트를 바르면 그 위에 다른 페인트나 도료로 도배하기 어려운 이유는 페인트 막이 표면을 막아 수분과 공기의 침투를 막기 때문입니다. 이로 인해 새로 도배한 페인트나 도료가 벽에 제대로 달라붙지 못하여 벗겨지거나 울퉁불퉁해집니다.
"시공 공사 중에 예상치 못한 도배풀이 발견되었을 때, 효과적으로 제거하고 다시 시공을 진행하기 위한 전략은 무엇인가요?","시공 중에 예상치 못한 도배풀이를 발견했을 때, 먼저 상황을 면밀히 조사하고 원인을 파악해야 합니다. 그 후에는 적절한 안전 절차를 준수하면서 도배풀이를 효과적으로 제거해야 합니다. 이를 위해 전문가의 도움을 받거나 적절한 장비를 사용하여 철저하게 클린업해야 합니다. 그리고 시공을 다시 진행하기 전에는 벽면을 적절히 처리하여 도배재가 올바르게 고정될 수 있도록 해야 합니다."
도배풀이 발견 시 시공 공사의 일정과 예산에 어떤 영향을 미치는지 알려주세요.,"도배풀이 발견 시 시공 공사의 일정과 예산에 부정적인 영향을 미칩니다. 먼저, 추가 작업이 필요하여 시공 일정이 지연될 수 있습니다. 이로 인해 공사가 예상보다 오래 걸릴 수 있으며, 이는 추가 비용을 발생시킬 수 있습니다. 또한 도배풀이를 수정하기 위해 추가 재료 및 노동력이 필요할 수 있으며, 이는 예산을 초과하는 결과를 초래할 수 있습니다. 따라서 도배풀이 발견 시 신속하고 효과적인 조치가 필요합니다."
건식방식의 시공 방법은 무엇인가요?,"건식방식의 시공 방법은 건축물의 구성 요소를 건조한 상태에서 조립하는 방식입니다. 이 방법은 보편적으로 건물의 외벽, 벽체, 천장, 바닥 및 기타 구조물을 건조한 재료로 조립하는 과정을 포함합니다. 건식방식은 시공 속도를 향상시키고 건축물의 품질과 정확성을 높일 수 있으며, 건축 현장에서의 재료 사용과 폐기물 생성을 줄일 수 있습니다."
건식방식의 시공 방법을 선택하는 이유는 무엇인가요?,"건식방식의 시공 방법을 선택하는 이유는 주로 빠른 시공 속도와 깔끔한 작업 환경 때문입니다. 건식방식은 습기나 물이 적게 발생하므로 건조 시간이 짧고, 공사 현장에서의 먼지와 오염물질 발생이 줄어듭니다. 또한 건식방식은 건축물의 구조나 인테리어 디자인을 유연하게 변경할 수 있어 설계 수정이 필요할 때 효율적입니다. 이러한 이유로 건식방식은 시공 효율성과 품질 향상을 위해 선택되는 경향이 있습니다."
왜 실크벽지의 시공이 합지 벽지에 비해 더 많은 도배사가 필요한가요?,"실크벽지의 시공이 합지 벽지에 비해 더 많은 도배사가 필요한 이유는 실크벽지가 보다 얇고 부드러운 소재로 만들어지기 때문입니다. 이런 특성으로 인해 실크벽지를 부착할 때 벽면의 불균일한 부분이나 작은 결함들이 뚜렷하게 드러나게 됩니다. 따라서 벽면을 미리 조정하고 평탄하게 만들기 위해 보다 많은 도배사가 필요하며, 실크벽지의 섬세한 질감과 아름다움을 유지하기 위해서는 더 많은 노력과 주의가 필요합니다."
실크벽지의 시공 비용이 합지 벽지에 비해 높은 이유는 무엇인가요?,"실크벽지의 시공 비용이 합지 벽지에 비해 높은 이유는 주로 재료의 특성과 고급스러운 디자인에 기인합니다. 실크벽지는 고급 재료로 제작되어 특별한 가공 과정을 거치며, 고가의 실크 섬유가 사용됩니다. 또한 실크벽지는 보다 정교하고 고급스러운 패턴과 색상으로 디자인되어 있어 일반적인 합지 벽지보다 제작 및 설치 비용이 더 높을 수 있습니다. 이러한 이유로 실크벽지의 시공 비용이 상대적으로 높을 수 있습니다."
완전히 옥상 방수용 탄성 에멀젼 페인트를 선택할 때 주의해야 할 점은 무엇인가요?,"완전히 옥상 방수용 탄성 에멀젼 페인트를 선택할 때 주의해야 할 점은 먼저 제품의 품질과 내구성을 확인해야 합니다. 특히 옥상에서는 날씨 변화와 자연 요소로 인한 영향을 많이 받기 때문에 방수 기능이 우수해야 합니다. 또한, 페인트의 적용 방법과 층수, 건조 시간을 정확히 따라야 하며, 옥상 표면을 청소하고 적절하게 처리한 후에 페인트를 바를 필요가 있습니다."
옥상 방수용 탄성 에멀젼 페인트를 선택할 때 고려해야 하는 요소는 무엇인가요?,"옥상 방수용 탄성 에멀젼 페인트 선택 시 고려해야 할 요소는 다음과 같습니다.
 - 내구성: 페인트의 내후성, 내열성, 내수성을 고려해야 합니다.
 - 유연성: 옥상의 움직임에 따라 균열없이 늘어날 수 있는지 확인해야 합니다.
 - 방수성: 우수한 방수성으로 옥상을 침투하는 물로부터 보호해야 합니다.
 - 부착력: 옥상 표면에 잘 부착될 수 있어야 합니다.
 - 시공성: 쉽게 시공할 수 있어야 합니다.
 - 환경 친화성: 인체와 환경에 무해한지 확인해야 합니다."
벽지 시공 후 크랙이 발생하면 어떤 과정으로 수리해야 할까요?,"벽지 시공 후 크랙이 발생하면 먼저 크랙의 원인을 확인해야 합니다. 그 다음에는 크랙을 채우기 위한 적절한 보수재를 선택하고 채워야 합니다. 크랙이 작고 표면적인 경우, 벽면 보수용 격자봉과 함께 보수용 페인트나 크랙 채우기용 시멘트를 사용할 수 있습니다. 크랙이 심각한 경우에는 전문가의 조언을 구하고 적절한 보수 방법을 따라야 합니다."
벽지 시공 시 발생한 크랙을 예방하기 위한 방법은 무엇인가요?,"벽지 시공 시 발생하는 크랙을 예방하기 위한 방법:
 
 1. 벽면 준비: 벽면의 불균일성과 균열을 사전에 수리하여 매끄러운 표면을 만듭니다.
 2. 적절한 접착제 사용: 벽지 종류에 맞는 접착제를 사용하여 벽지와 벽면의 접착력을 향상시킵니다.
 3. 적절한 공간: 벽지 시공 시 벽지와 벽사이에 약간의 공간을 두어 팽창과 수축을 예방합니다.
 4. 적절한 온도와 습도: 벽지 시공 시 적절한 온도와 습도를 유지하여 벽지의 수축과 확장을 최소화합니다.
 5. 변연 처리: 벽지 가장자리에 겹침이나 트림을 사용하여 벽지가 벗겨지거나 크랙이 발생하는 것을 방지합니다."
신축 주택에 방청페인트를 시공하기 전에 무엇을 준비해야 하나요?,신축 주택에 방청페인트를 시공하기 전에 먼저 벽면을 청소하고 기존의 페인트나 오염물을 제거해야 합니다. 그 후에는 벽면의 상태를 확인하고 필요한 보수 작업을 수행해야 합니다. 특히 벽면에 크랙이나 구멍이 있는 경우 이를 보수하고 평탄하게 다듬어야 합니다. 마지막으로 페인트를 바르기 전에 벽면을 적절하게 마무리하고 페인트가 잘 부착될 수 있도록 해야 합니다.
신축 주택에 방청페인트를 시공할 때 고려해야 할 사항은 무엇인가요?,"신축 주택에 방청페인트를 시공할 때 고려해야 할 사항:
 
 1. 목재의 종류와 상태 확인
 2. 방부 처리 유무 확인
 3. 기존 페인트 상태 확인
 4. 적합한 방청페인트 선택
 5. 표면 준비 및 청소 철저히
 6. 환경적 요인 고려 (온도, 습도)
 7. 적정한 도막 두께 도포
 8. 건조 시간 충분히 확보
 9. 정기적인 검사 및 유지 보수"
"타일 바닥 시공 과정에서 파손된 타일을 교체할 때, 새 타일을 적절하게 고르고 교체하는데 필요한 도구와 재료는 무엇인가요?","타일 바닥 시공 과정에서 파손된 타일을 교체할 때, 새 타일을 선택할 때는 기존 타일과 일치하거나 유사한 디자인과 크기를 고려해야 합니다. 교체에 필요한 도구로는 망치, 타일 절단기, 타일 접착제, 깔개, 타일 깔개, 타일 클리퍼, 그라우트 및 스크레이퍼 등이 있습니다. 교체할 타일을 적절하게 골라 교체할 위치에 접착제를 바르고 새 타일을 밀착시킨 후 깔개와 클리퍼를 사용하여 위치를 조정하고 마지막으로 그라우트로 사이를 메우면 됩니다."
타일 바닥 시공에서 사용되는 접착제의 역할은 무엇인가요?,"타일 바닥 시공 시 접착제는 다음과 같은 역할을 한다.
 
 * 타일과 바닥 사이의 접착력을 제공하여 타일이 제자리에 고정되도록 함.
 * 타일과 바닥의 열팽창 및 수축 차이를 흡수하여 타일이 깨지거나 움직이는 것을 방지함.
 * 수분과 습기로부터 타일과 바닥을 보호함."
"배관 시공 과정에서 소제구가 어떤 역할을 하고, 어떤 소재로 제작되는지 알려주세요.","배관 시공 과정에서 소제구는 파이프를 연결하고 고정하는 역할을 합니다. 소제구는 주로 금속, 플라스틱 또는 구리 등으로 제작됩니다. 이 소재들은 내식성이 강하고 강도가 높아 배관 시스템의 안정성과 내구성을 보장합니다. 소제구는 파이프 연결 시에 사용되며, 다양한 크기와 형태로 제공되어 다양한 배관 시스템에 적용됩니다."
"배관 시공 과정에서 소제구의 역할은 무엇이며, 소제구를 제작하는데 사용되는 주요 소재는 무엇인가요?","배관 시공에서 소제구(cleanout)는 배관 시스템을 청소하고 유지보수하기 위해 설치되는 접근 지점입니다. 일반적으로 소제구는 다음과 같은 역할을 합니다.
 
 1. 배관 내부의 막힘 제거
 2. 배관 검사 및 유지보수용 접근 지점 제공
 
 주요 소재:
 
 1. PVC(폴리염화비닐)
 2. ABS(아크릴로니트릴 부타디엔 스티렌)
 3. 철"
"배관공사에서 통기구는 어떤 기능을 하며, 시공 과정에서 어떻게 설치되는지 알려주세요.","배관공사에서 통기구는 공기의 순환과 환기를 돕는 역할을 합니다. 시공 과정에서 통기구는 일반적으로 벽면이나 천장에 부착됩니다. 먼저 적절한 위치를 선정하고 통기구의 크기와 형태를 고려하여 구멍을 내고, 그 후에는 통기구를 부착하고 밀봉하여 공기가 자유롭게 흐를 수 있도록 합니다. 통기구의 설치는 공간 내부의 공기 흐름을 최적화하여 쾌적한 환경을 조성하는 데 중요한 역할을 합니다."
통기구 설치 시 배관공사에서 주의해야 할 사항은 무엇인가요?,"배관공사 시 주의해야 할 사항:
 
 * 통기구 배관의 크기와 경로가 적절해야 합니다.
 * 통기구 배관은 수직으로 설치해야 하며, 최대한 짧고 직선적으로 설치해야 합니다.
 * 통기구 배관에 90도 굴곡이 있는 경우 45도 굴곡 두 개로 대체해야 합니다.
 * 통기구 배관은 다른 배관이나 구조물과 접촉하지 않아야 합니다.
 * 통기구 배관이 냉매 배관이나 냉동기 기름 배관과 평행하게 설치되지 않도록 주의해야 합니다."
방청도료 도장을 시공할 때 가장 중요한 작업 단계는 무엇인가요?,방청도료 도장을 시공할 때 가장 중요한 작업 단계는 적절한 표면 준비입니다. 표면을 청소하고 기존 도장이나 오염물을 제거하여 깨끗하고 매끄러운 상태로 만들어야 합니다. 이는 도장이 표면에 잘 부착되고 오랜 시간 동안 내구성을 유지할 수 있도록 하는 핵심적인 요소입니다. 따라서 표면 처리를 꼼꼼하게 하고 적절한 도장재를 선택하는 것이 중요합니다.
방청도료 도장 시공 시 가장 주의해야 하는 사항은 무엇인가요?,방청도료 도장 시공 시 가장 주의해야 하는 사항은 도료의 균일한 도포입니다. 두께가 일정하지 않으면 방청 효과에 차이가 생겨 도장된 표면이 일부 부식될 수 있습니다. 따라서 도료를 균일하게 도포하는 데 특히 주의를 기울여야 합니다.
시공 관련 발수제와 그 특징에 대해 알려주세요.,"시공 관련 발수제는 건축물의 외벽이나 지붕에 적용되어 수분 침투를 방지하고 방수 기능을 제공합니다. 이러한 발수제는 다양한 종류와 형태로 제공되며, 일부는 페인트나 스프레이 형태로 적용될 수 있습니다. 이들의 특징은 효과적인 방수성과 내구성을 갖추고, 건축물의 표면을 보호하여 환경 영향으로부터 보호합니다. 발수제의 선택은 건축물의 재료와 사용 환경에 따라 다르며, 전문가의 조언을 받는 것이 중요합니다."
시공 관련 발수제의 주요 성분은 무엇이며 그 효과는 무엇인가요?,"시공 관련 발수제의 주요 성분은 주로 실리콘 또는 아크릴계 수지입니다. 이러한 성분은 표면에 보호막을 형성하여 물과 오염물질의 침투를 차단하고 방수 효과를 제공합니다. 특히 실리콘 발수제는 높은 내구성과 탁월한 방수 성능으로 유명하며, 아크릴계 발수제는 환경 친화적이고 쉽게 적용할 수 있는 특성을 가지고 있습니다."
어떤 상황에서 시공 과정 중에 도배할 때 추가비용이 발생하나요?,"시공 과정 중에 도배할 때 추가 비용이 발생하는 상황은 주로 예상치 못한 벽면 상태나 공사 중 발견된 결함으로 인해 발생합니다. 예를 들어, 벽면의 균열, 부식, 불균일한 표면 등의 문제가 발견되면 이를 보수하고 표면을 적절히 처리해야 하므로 추가 비용이 발생할 수 있습니다. 또한, 시공 중에 설계 변경이나 추가 요구사항이 발생하여 도배 범위가 변경되는 경우에도 추가 비용이 발생할 수 있습니다."
시공 과정 중에 도배 작업을 진행할 때 어떤 요소들이 추가비용을 초래할 수 있나요?,"시공 과정 중에 도배 작업을 진행할 때 추가비용을 초래할 수 있는 요소로는 주로 재료의 추가 구매와 노동력의 추가 필요가 있습니다. 예를 들어, 기존 벽면의 결함을 보정하거나 특수한 디자인이나 패턴을 위해 특별한 재료를 구매해야 할 수 있습니다. 또한 작업 일정의 지연이나 예상치 못한 문제로 인해 추가 노동력이 필요할 수 있으며, 이로 인해 비용이 증가할 수 있습니다."
퍼티작업은 건물이나 구조물의 외부나 내부를 꾸미거나 보수하는 작업을 말합니다. 시공 분야에서 퍼티작업은 어떤 기술적 요소가 필요한지 궁금합니다,"시공 분야에서 퍼티 작업을 하는 데 필요한 기술적 요소는 다음과 같습니다.
 
 * 퍼티 재질 및 종류에 대한 지식
 * 퍼티 작업 공정에 대한 이해
 * 퍼티 작업 도구 및 장비 사용법 숙련
 * 표면 준비 및 퍼티 적용 기술
 * 퍼티 마감 및 연마 기술
 * 안전 규정 및 작업 지침 준수"
퍼티작업에서 가장 중요한 기술은 무엇인가요?,퍼티작업에서 가장 중요한 기술은 재료 의 특성을 잘 아는 것입니다. 퍼티의 종류와 성능에 따라 적용 방법과 시공 시 주의할 점이 달라집니다. 재료에 대한 올바른 지식이 있으면 균열이나 탈락 없이 내구성 있는 표면 마무리를 만들 수 있습니다.
도배작업 시 필요한 공구는 어떤 게 있을까요?,"도배할 때 사용하는 도구를 나열하면 다음과 같습니다:
 
 * 페인트 브러시: 페인트를 도포하는 데 사용되는 기본 도구입니다.
 * 페인트 롤러: 페인트를 빠르고 쉽게 칠할 수 있는 도구입니다.
 * 페인트 트레이: 페인트를 담아두고 사용하는 용기입니다.
 * 사다리: 높은 곳에 있는 부분을 칠할 때 사용됩니다.
 * 방수포: 페인트가 다른 곳으로 튀는 것을 방지하는 데 사용됩니다.
 * 페인트 희석제: 페인트를 희석하거나 깨끗이 하는 데 사용됩니다.
 * 샌드페이퍼: 표면을 매끈하게 만들거나 페인트를 제거하는 데 사용됩니다."
도배작업 시 사용되는 주요 재료는 무엇인가요?,"도배작업 시 사용되는 주요 재료로는 주로 도배지와 도배접착제가 있습니다. 도배지는 벽면을 장식하고 보호하는 데 사용되며 종류에 따라 종이 도배지, 비닐 도배지, 실크벽지 등이 있습니다. 도배접착제는 도배지를 벽면에 고정시키는 역할을 합니다. 이 외에도 필요에 따라 채색재, 보수재, 페인트, 코팅재 등이 사용될 수 있습니다."
외단열 시공을 선택하는 이유는 무엇인가요?,"외단열 시공을 선택하는 이유는 다음과 같습니다.
 
 * 내부 공간을 넓힐 수 있습니다.
 * 내부 온도를 안정적으로 유지할 수 있습니다.
 * 에너지 소비를 줄일 수 있습니다.
 * 건물의 수명을 연장할 수 있습니다."
외단열 시공의 장점은 무엇인가요?,"외단열 시공의 장점:
 * 건물 내부 온도 안정성 향상
 * 에너지 효율성 증대
 * 내구성 향상
 * 실내 공간 확보
 * 건축 비용 절감"
시공 카테고리에 맞는 완전히 건축 현장에서의 안전을 최대화하기 위해 어떤 피도면 정리 방법이 가장 효과적일까요?,"특정 시공 카테고리에 맞는 안전을 최대화하기 위한 피도면 정리 방법은 다음과 같습니다.
 
 * 공사 계획 단계: 피도면을 실시간으로 업데이트하여 작업자들이 현재 진행 상황을 파악하고 잠재적 위험을 식별할 수 있도록 합니다.
 * 시공 단계: 피도면에 안전 경고, 폐쇄 구역, 위험 장소를 표시하여 작업자가 위험을 인식하고 안전 조치를 취할 수 있도록 합니다.
 * 완공 단계: 완공된 피도면은 안전 검사, 위반 사항 식별, 장기적인 안전 개선을 위한 기록으로 사용할 수 있습니다.
 
 이러한 방법은 작업자들의 안전 인식을 높이고, 위험을 최소화하고, 전체적인 현장 안전을 향상시킵니다."
시공 카테고리에 맞는 완전히 건축 현장에서의 안전을 최대화하기 위해 어떤 피도면 정리 방법이 가장 효율적인가요?,현장 안전을 위해 가장 효율적인 피도면 정리 방법은 정기적인 점검 및 청소입니다. 이를 통해 걸림돌을 제거하고 위험을 최소화할 수 있습니다.
시트 방수공사를 하는 과정과 필요한 재료에 대해 알려주세요. (시공),"시트 방수공사는 먼저 지표면을 청소하고 균열을 보수한 후, 방수시트를 배치하고 밀봉하는 과정으로 이루어집니다. 방수시트는 일반적으로 폴리에틸렌, 폴리프로필렌, EPDM 등의 재료로 만들어집니다. 이러한 시트는 지붕이나 지하실과 같은 공간에서 물이 스며들지 않도록 보호하는 역할을 합니다. 시트를 배치한 후에는 보통 접착제나 밀봉제를 사용하여 시트를 고정하고 누수를 방지합니다."
시트 방수공사 시에 고려해야 하는 주요 요소는 무엇인가요?,"시트 방수공사의 주요 고려 요소는 시트의 재료, 설치 방법, 접합부 처리, 기후 조건 등입니다. 시트의 재료는 성능과 내구성에 영향을 미치며, 설치 방법은 방수 효과를 좌우합니다. 접합부 처리도 누수 방지를 위해 중요하며, 기후 조건은 시트의 성능과 수명에 영향을 미칩니다."
시공에서 유성 발수제가 사용되는 목적과 효과는 무엇인가요?,"유성 발수제는 시공에서 주로 사용되는 목적은 건축물의 표면을 보호하고 방수성을 높이는 것입니다. 이것은 외부 요인으로부터 건물을 보호하고, 특히 비나 눈, 습기와 같은 수분으로부터 피해를 방지합니다. 또한 유성 발수제는 표면에 더 잘 흡수되어 효과적인 보호를 제공하고, 건축물의 수명을 연장시키는 역할을 합니다."
유성 발수제가 시공에서 어떻게 사용되는지 설명해주세요.,"유성 발수제는 시공 과정에서 주로 표면에 스프레이, 롤러 또는 브러시를 사용하여 바르는 것이 일반적입니다. 발수제가 표면에 고르게 바르여야 하며, 특히 흡수성이 높은 표면에는 여러 번 층을 바를 수 있습니다. 이후 발수제가 표면에 흡수되고 스며들도록 충분한 시간을 줍니다. 발수제가 완전히 건조되면, 표면은 물과 오염물질의 침투를 차단하여 방수 효과를 제공합니다."
"겨울에 도배를 할 때 주의해야 할 점이 무엇인가요? 예를 들어 추위로 인한 건조한 공기로 인해 도배재가 제대로 건조되지 않을 수도 있는데, 이를 방지하기 위한 방법이 있을까요?","겨울철 도배 시 주의점:
 
 - 건조속도 저하: 추위로 인해 도료가 제대로 건조되지 않을 수 있어 도료 품질 저하 및 박리 위험 발생
 - 페인트 결빙: 추운 날씨에 페인트가 얼어 변질되어 도료 품질 저하
 - 작업자의 건강: 추위로 인해 작업자의 건강이 악화될 수 있음
 
 추위로 인한 도료 건조 속도 저하 방지 방법:
 
 - 도료 선택: 빠른 건조 속도를 가진 페인트 사용
 - 도료 희석: 페인트를 적절히 희석하여 건조 속도 향상
 - 건조 조건 조성: 난방기를 사용하거나 도배 후 건조기를 사용하여 도료 건조 속도 향상"
"겨울에 도배를 할 때 어떤 점을 주의해야 하나요? 추위로 인해 도배재가 제대로 건조되지 않을 수 있는데, 이를 해결하기 위한 방법이 있을까요?","겨울에 도배를 할 때 주의해야 할 점은 주로 온도와 습도입니다. 추위로 인해 도배재가 제대로 건조되지 않을 수 있으므로, 작업 온도를 적정하게 유지하고 공기의 습도를 조절하는 것이 중요합니다. 작업 공간을 따뜻하게 유지하고 통풍을 확보하여 습기를 제거하는 것이 도움이 됩니다. 또한 보조적인 난방기구를 사용하여 작업 온도를 일정하게 유지하는 것도 방법입니다."
폴리우레탄 장판 시공 시간은 보통 얼마나 걸리나요?,"폴리우레탄 장판 시공 시간은 다음 요인에 따라 달라질 수 있습니다.
 - 장판 종류와 크기
 - 장착 방법
 - 시공 팀의 기술과 경험
 - 시공 현장의 조건
 
 일반적으로, 작고 가벼운 장판은 큰 장판보다 더 빠르게 시공됩니다. 또한, 시공 팀이 숙련되고 경험이 풍부할수록 시공 시간이 단축됩니다. 일반적으로, 단일 가정 주택의 폴리우레탄 장판 시공은 1~3일이 소요됩니다."
폴리우레탄 장판 시공 시간을 단축시키는 방법은 무엇인가요?,"폴리우레탄 장판 시공 시간을 단축시키는 방법:
 
 1. 사전 제작된 장판 사용: 공장에서 사전 제작된 장판은 현장에서 조립하는 것보다 시공 시간이 단축됩니다.
 2. 모듈식 시스템 사용: 모듈식 장판은 여러 개의 작은 부분으로 나뉘어져 있으며, 이는 현장 조립을 더 쉽고 빠르게 만듭니다.
 3. 적절한 장비 사용: 올바른 도구와 장비를 사용하면 시공 시간이 크게 단축될 수 있습니다.
 4. 숙련된 노동자: 숙련된 노동자는 폴리우레탄 장판을 효율적으로 설치할 수 있으며, 이는 전체 시공 시간을 단축시킵니다.
 5. 철저한 계획: 명확한 계획과 일정은 공정을 원활하게 하고 시공 시간을 최소화하는 데 도움이 됩니다."
나무 바닥 시공에서 마루나 집 안의 나무 바닥이 닳거나 회색이 된 경우 어떤 시공 방법을 사용하여 회복할 수 있을까요?,"나무 바닥이 닳거나 회색이 된 경우, 시공 방법 중 하나로는 강력한 마모 보호 및 색상 회복을 위해 바닥을 갈아주는 방법이 있습니다. 이를 위해 나무 바닥을 갈아주고 표면을 깨끗이 정리한 후, 새로운 마감재를 적용하여 보호층을 다시 만들어줍니다. 또는 바닥을 갈아주지 않고도 특수한 나무 보호제나 오일을 사용하여 색상을 회복하고 마모를 방지할 수도 있습니다."
나무 바닥 시공에서 마루나 집 안의 나무 바닥이 닳거나 회색이 된 경우 어떤 재료를 사용하여 회복할 수 있을까요?,"마루 또는 집 안의 나무 바닥이 닳거나 회색이 된 경우 회복을 위해 사용할 수 있는 재료는 오크스포드 페이스트로, 이는 파인 오일과 터펜타인으로 구성된 크림입니다. 다른 방법으로는 스틸 울과 왁스 또는 리네드 오일 처리를 통한 손으로 바르는 방법이 있습니다."
시공에서 초배작업은 어떤 과정을 포함하고 있나요?,"초배 작업은 구조물의 기초를 마련하는 중요한 과정으로, 다음 단계를 포함합니다.
 
 1. 지반 조사 및 준비: 지반의 상태를 조사하고 기초를 위한 적절한 지반을 준비합니다.
 2. 거푸집 설치: 기초의 형태를 만드는 임시 구조물을 설치합니다.
 3. 철근 배근: 콘크리트에 강도를 제공하는 철근을 배치합니다.
 4. 콘크리트 타설: 거푸집에 콘크리트를 붓고 다집니다.
 5. 양생 및 경화: 콘크리트가 설정되고 충분한 강도를 얻을 수 있도록 시간을 둡니다."
시공에서 초배작업이 완료되면 어떤 결과물이 나오게 되나요?,"시공에서 초배작업이 완료되면 주로 표면이 평탄하고 균일하며 벽면에 도배재가 고르게 발려있는 상태가 됩니다. 이로써 다음 단계의 마감작업을 위한 기반을 마련하게 되며, 완성된 도배 작업물은 고품질의 완성도를 보여줍니다."
방수재 시공 시에 고려해야 할 가장 중요한 요소는 무엇인가요?,"방수재 시공 시 고려해야 할 가장 중요한 요소는 다음과 같습니다.
 
 1. 하부지반의 상태: 하부지반의 특성(투수성, 밀도, 안정성)을 파악하여 적합한 방수재 시스템을 선정하는 것이 중요합니다.
 2. 방수 목적: 목적에 따라 방수재의 성능, 내구성, 비용 등을 고려해야 합니다.
 3. 환경적 요인: 온도, 습도, 자외선 노출, 화학적 부식 등의 환경적 요인을 고려하여 내구성 있는 방수재를 선택해야 합니다.
 4. 시공 방법: 방수재 시공 방법(브러싱, 롤링, 분사 등)을 선택할 때는 신뢰성, 내구성, 비용 효율성을 고려해야 합니다.
 5. 디테일 처리: 방수층에서 발생할 수 있는 균열, 이음새, 관통부 등의 디테일 처리를 신중하게 고려하여 완전한 방수를 보장해야 합니다."
방수재 시공 시에 가장 많이 발생하는 실수는 무엇인가요?,"방수재 시공 시에 가장 많이 발생하는 실수는 다음과 같습니다.
 
 1. 충분한 표면처리 부족
 2. 방수재의 잘못된 선택
 3. 올바른 적용 기술 미숙
 4. 방수층의 손상 방지 대책 미흡
 5. 품질 관리 및 검사 부실"
"배관공사 시에 지하 배관의 기울기를 설정할 때, 어떤 요인들을 고려해야 하나요?","배관공사 시에 지하 배관의 기울기를 설정할 때 고려해야 하는 요인은 주로 배수 및 유속을 포함합니다. 지하 배관은 중력에 의해 물이 흐르도록 설계되므로, 적절한 기울기를 설정하여 물이 원활하게 흐를 수 있도록 해야 합니다. 또한 지형의 변화나 건물의 구조적 특성, 사용하는 배관재료의 특성 등도 고려해야 합니다. 이러한 요인들을 고려하여 적절한 기울기를 설정함으로써 배관 시스템의 성능을 향상시킬 수 있습니다."
배관공사 시에 지하 배관의 기울기를 조절하는데 가장 중요한 요소는 무엇인가요?,"배관 설계 시 고려해야 할 요소 중 가장 중요한 것은 배수능력 보장입니다. 이를 위해서는 배관에 적절한 기울기를 주어야 하며, 이 기울기는 유체의 유속을 촉진하고 막힘을 방지하는 데 필수적입니다. 또한 기울기는 배관 내부에 공기가 축적되는 것을 방지하여 배수 효율을 향상시킵니다. 따라서 배관공사 시 지하 배관의 기울기를 조절하는데 가장 중요한 요소는 배수능력 보장입니다."
인테리어 디자이너를 고용하려면 어떤 절차를 거쳐야 하나요?,인테리어 디자이너를 고용하기 위해서는 먼저 디자이너의 포트폴리오를 확인하고 이전 작업물을 검토해야 합니다. 그 후에는 디자이너와의 미팅을 통해 프로젝트 요구사항을 논의하고 디자인 방향을 협의합니다. 견적을 받고 계약을 체결한 후 작업이 시작됩니다. 중요한 절차 중 하나는 상호 협의된 일정과 진행 상황을 정기적으로 확인하고 조율하는 것입니다.
인테리어 디자이너의 포트폴리오를 평가할 때 주의해야 할 점은 무엇인가요?,"인테리어 디자이너의 포트폴리오를 평가할 때 주의해야 할 점은 주로 작품의 다양성과 품질, 그리고 전문성과 창의성을 고려해야 합니다. 다양한 프로젝트 유형과 스타일을 보여주는 것이 중요하며, 작업물의 완성도와 세심한 디테일에 대해서도 주의를 기울여야 합니다. 또한 클라이언트의 요구사항을 충족시키는 능력과 협력하는 데 필요한 커뮤니케이션 스킬도 중요한 평가 요소입니다."
완전히 건물 건설 시 유성발수제를 사용하는 이유는 무엇인가요?,"유성발수제는 완전히 건물을 건설 시 사용하는 것이 아니라 건축 자재에 처리하는 방식으로 사용합니다. 유성발수제는 건축 자재의 표면에 처리하여 물과 기름을 튕겨내는 성질을 부여합니다. 이렇게 함으로써 건축 자재가 수분과 지방으로부터 보호되어 내구성이 향상되고, 건물의 수명을 연장할 수 있습니다. 또한, 유성발수제는 건축 자재의 표면을 보호함으로써 건물의 외관을 유지하는 데에도 도움이 됩니다."
유성발수제가 건물 건설에 어떤 영향을 미치나요?,"유성발수제는 건물과 구조물의 내구성을 높이는 데 사용됩니다. 습기를 차단하여 내·외부벽체를 보호하고, 균류와 이끼의 성장을 억제하므로 건물의 수명을 연장하는 데 도움이 됩니다. 또한 유성발수제는 단열 효과를 향상시켜 에너지 소비를 줄일 수 있습니다."
샤워실 도배를 한 후에는 얼마나 건조를 시켜야 할까요?,샤워실 도배를 한 후에는 보통 최소한 24시간 이상 건조를 시켜야 합니다. 이렇게 충분한 시간을 주면 도배 접착제가 완전히 건조되어 도배재가 안정화되고 고정됩니다. 또한 샤워실의 환기를 잘 시켜 습기가 증발할 수 있도록 해야 합니다. 이렇게 함으로써 도배 작업의 품질을 유지하고 샤워실 내부의 건조를 도모할 수 있습니다.
샤워실 도배 시공 후에는 어떤 점에 주의해야 할까요?,"샤워실 도배 시공 후 주의점:
 
 * 충분한 환기: 습기와 유독 가스 제거를 위해 창문이나 환풍기 사용
 * 표면 건조: 도색 표면이 완전히 건조되도록 충분한 시간 두기
 * 방수 코팅: 수분 침투 방지를 위해 타일이나 유리에 방수 코팅 적용
 * 실리콘 보수: 샤워실 주변의 실리콘 실란트를 정기적으로 검사 및 보수하여 누수 방지"
"완전히 가구를 장롱을 옮길 때 바닥을 보호하거나 전기선을 조심해야 하는데, 이외에 장롱을 옮길 때 시공할 때 주의해야 하는 점이 뭘까요?","다음은 장롱을 옮길 때 주의해야 할 몇 가지 추가 사항입니다.
 
 * 문과 서랍 제거: 옮기기 전에 문과 서랍을 제거하여 무게를 줄입니다.
 * 손잡이 보호: 손잡이나 노브가 손상되지 않도록 보호합니다.
 * 충격 방지: 장롱을 옮길 때 충격이나 흔들림으로부터 보호합니다.
 * 좁은 통로 주의: 좁은 통로나 문턱을 지날 때 장롱이 긁히거나 손상되지 않도록 주의합니다.
 * 팀워크: 장롱은 무겁고 부피가 커서 팀으로 옮기는 것이 좋습니다."
장롱을 이사할 때 바닥 보호나 전기선 주의 외에 어떤 점을 주의해야 할까요?,"장롱을 이사할 때 주의할 점은 주로 장롱의 무게와 크기를 고려해야 합니다. 먼저, 충분한 인원이 필요하며, 적절한 보조 도구를 사용하여 안전하게 이사해야 합니다. 또한 이사하는 경로와 계단의 너비를 고려하여 장롱이 원활하게 이동할 수 있는지 확인해야 합니다. 또한 장롱의 부피를 고려하여 이사차량의 크기와 하중 제한을 확인하여 안전하게 운반할 수 있어야 합니다."
도배 시공에 필요한 자재 비용과 노동비를 포함하여 견적을 계산하는 가장 효율적인 방법은 무엇인가요?,"견적 계산의 효율적인 방법:
 
 1. 단위 비용 파악: 자재 및 노동에 대한 정확한 단위 비용을 파악하세요.
 2. 면적 측정: 도색이 필요한 표면의 정확한 면적을 측정하세요.
 3. 노동 시간 추정: 표면 준비, 도색, 마감 작업에 필요한 노동 시간을 추정하세요.
 4. 자재 수량 계산: 단위 면적당 필요한 자재의 양을 계산하여 총 자재 수량을 도출하세요.
 5. 비용 계산: 단위 비용, 면적, 노동 시간, 자재 수량을 곱하여 자재 비용, 노동비, 총 견적 비용을 계산하세요."
"도배 시공을 위해 필요한 자재 중에서 가장 중요한 것은 무엇이며, 이를 구매할 때 주의해야 할 점은 무엇인가요?","도배 시공을 위해 필요한 자재 중에서 가장 중요한 것은 도배지입니다. 도배지의 품질과 종류는 마감재의 외관과 내구성에 큰 영향을 미칩니다. 구매할 때에는 용도에 맞는 적절한 종류와 크기를 선택하는 것이 중요합니다. 또한 충분한 양을 구매하여 작업 중간에 자재가 부족하지 않도록 하는 것이 좋습니다. 도배지의 일괄구매는 일관된 색상과 패턴을 유지할 수 있게 도와주며, 자재의 일괄 배합을 피할 수 있습니다."
100평 집을 도배하는데 평균적으로 얼마나 시간이 걸리나요?,"100평 집 도배에 걸리는 시간은 규모, 복잡성, 도색 횟수 등 다양한 요인에 따라 달라집니다. 일반적으로 1인당 하루에 약 20평을 도색할 수 있으므로 100평 집을 도색하는 데는 약 5일이 소요됩니다."
100평 집을 도배할 때 필요한 재료는 무엇이 있나요?,"100평 집을 도배할 때 필요한 주요 재료로는 도배지, 도배접착제, 채색재 등이 있습니다. 먼저 벽면을 도배할 도배지가 필요하며, 도배접착제를 사용하여 벽면에 고르게 고정시켜야 합니다. 또한 채색재는 도배를 마친 후에 벽면을 색칠하는 데 사용되며, 필요에 따라 보수재나 페인트 등이 추가로 사용될 수 있습니다."
어떤 시공 기술을 사용하면 방이 더 크게 보일까요?,"방을 더 크게 보이게 하는 시공 기술로는 주로 색상 및 조명 활용이 중요합니다. 밝고 중성적인 색상을 사용하여 공간을 확장시키고, 조명을 적절히 배치하여 밝고 쾌적한 분위기를 조성할 수 있습니다. 또한 거울을 사용하여 공간을 반영하거나 수평적인 라인을 강조하여 시각적으로 확장시키는 효과를 얻을 수도 있습니다."
방을 더 넓어 보이게 하는 시공 기술은 무엇인가요?,"방을 더 넓어 보이게 하는 시공 기술로는 주로 색상 선택, 조명 활용, 거울 설치 등이 있습니다. 밝고 명도가 높은 색상을 선택하고, 조명을 잘 활용하여 방을 밝고 쾌적하게 만들 수 있습니다. 또한 거울을 적절히 배치하여 공간을 확장시키고, 가구나 장식품의 배치를 신중하게 고려하여 공간을 최대한 활용하는 것이 도움이 됩니다."
"창문 유리에 흠집이 생겼을 때, 전문가를 부르지 않고도 직접 수리할 수 있는 방법이 있을까요?","유리에 생긴 흠집을 직접 수리하는 방법은 다음과 같습니다.
 
 1. 깨끗한 천으로 창문 유리를 닦아 이물질과 먼지를 제거합니다.
 2. 유리 흠집 수리 키트를 구입합니다. 이 키트에는 일반적으로 폴리싱 페이스트, 연마 패드, 클리닝 솔루션이 포함되어 있습니다.
 3. 폴리싱 페이스트를 흠집 부위에 작은 양으로 바릅니다.
 4. 부드러운 연마 패드를 사용하여 폴리싱 페이스트를 부드럽게 문지릅니다. 동그라미 운동을 사용하여 몇 분 동안 문지릅니다.
 5. 클리닝 솔루션을 사용하여 페이스트 잔류물을 제거하고 유리 표면을 닦습니다."
"창문 유리에 흠집이 생겼을 때, 전문가를 부르지 않고도 직접 수리할 수 있는 방법이 있는가요?","창문 유리에 작은 흠집이 생겼을 때는 집에서 직접 수리할 수 있습니다. 먼저 손톱이나 면도날을 사용하여 흠집 가장자리를 긁어냅니다. 그런 다음 유리용 접착제를 흠집에 바르고, 깨끗한 천으로 문질러 마무리합니다. 하지만, 흠집이 크거나 깊게 파인 경우에는 전문가에게 의뢰하는 것이 좋습니다."
도어 프레임이 변형되어 문이 제대로 닫히지 않을 때 공사를 전문적인 시공팀에 의뢰해야 할까요?,"문틀 변형으로 인한 문 폐쇄 불량 문제는 전문 공사 팀에게 의뢰하는 것이 좋습니다. 문틀은 건물의 구조적 안정성에 영향을 미칠 수 있으며, 변형은 더 심각한 문제의 징후일 수 있습니다. 전문 팀은 변형의 근본 원인을 파악하고 안전하고 효과적인 수리를 위한 적절한 조치를 취할 수 있습니다."
도어 프레임이 변형되어 문이 제대로 닫히지 않을 때 어떤 전문가에게 상담을 받아야 할까요?,"도어 프레임이 변형되어 문이 제대로 닫히지 않을 때는 보통 목수나 문 수리 전문가에게 상담을 받아야 합니다. 이들 전문가들은 문제의 원인을 정확하게 진단하고 적절한 조치를 취할 수 있습니다. 문의 프레임이 변형된 경우, 목재의 팽창 또는 수축, 부실한 설치 등이 원인일 수 있으며, 전문가의 조언을 받아 문제를 해결하는 것이 좋습니다."
"도막방수공사란 건물의 지붕이나 바닥에 방수막을 설치하여 누수를 막는 작업을 말합니다. 이 작업은 주로 건물의 지붕이나 지하실에서 수행되며, 방수재료를 사용하여 누수를 방지하고 건물을 보호하는 역할을 합니다. 도막방수공사의 시공과정, 사용되는 재료 및 시공비용 등은 어떤것이있어?","도막방수공사의 시공과정은 먼저 표면을 청소하고 균열을 보수한 후, 방수막을 배치하고 밀봉하는 단계로 진행됩니다. 주로 지붕이나 지하실에서 이루어지며, 방수재료로는 폴리우레탄, 아스팔트, EPDM 등이 사용될 수 있습니다. 시공비용은 건물의 크기와 상태, 사용되는 재료의 종류에 따라 다를 수 있으며, 시공 과정에서 발생할 수 있는 추가 작업이나 복잡성도 영향을 미칩니다."
도막방수공사에서 가장 중요한 요소는 무엇인가요?,"도막방수공사에서 가장 중요한 요소는 공사 전의 준비 과정입니다. 이 과정에는 기반 조사, 설계 검토, 재료 선정 및 시공 계획이 포함됩니다. 이러한 단계를 철저히 수행하면 공사 중 및 공사 후 문제가 발생할 위험이 줄어듭니다."
시공에 관련된 벽을 고칠 때 사용하는 최신 기술이 무엇인가요?,"건축 전문가로서 시공에 관련된 벽 고치는 최신 기술은 다음과 같다고 생각합니다.
 
 - 복합 수지 재료: 이 재료는 균열, 구멍, 돌출부 등 다양한 벽 결함을 수리하는 데 사용될 수 있습니다.
 - 에폭시 주입: 이 기술은 벽에 구멍이나 균열을 채우는 데 사용되며, 구조적 무결성을 회복하는 데 도움이 됩니다.
 - 카본 파이버 보강: 이 기술은 벽에 강도와 내구성을 추가하는 데 사용되며, 특히 구조적 손상이 있는 경우에 유용합니다.
 - 진공 관입: 이 기술은 벽에서 물과 습기를 제거하는 데 사용되며, 곰팡이와 흰개미 발생 위험을 줄이는 데 도움이 됩니다."
벽을 고치는데 사용되는 최신 기술 중 가장 효율적인 것은 무엇인가요?,벽 복구에 사용되는 최신 기술 중 가장 효율적인 방법은 수지 주입입니다. 이 기술은 구조적 균열과 누수를 수리하는 데 효과적입니다. 수지 주입은 균열에 수지를 주입하여 구조적 안정성을 회복하고 누수를 방지하는 프로세스입니다. 이 기술은 비용 효율적이고 시간 절약적이며 환경 친화적입니다.
시공 중에 누수가 발생했을 때 어떻게 누수를 확인할 수 있나요?,"시공 중에 누수를 확인하기 위해 먼저 시공된 구조물 주변을 시각적으로 점검합니다. 누수의 흔적으로는 수분이 모이거나 물방울이 형성된 곳, 습기 또는 이물질이 감지되는 곳을 확인할 수 있습니다. 누수의 위치에 따라 벽면, 천장, 바닥 등을 주의 깊게 살펴보고, 특히 누수가 의심되는 구조물 주변을 자세히 살펴야 합니다. 또한 측정기나 열화상 카메라를 사용하여 숨겨진 누수를 확인할 수도 있습니다. 만약 누수가 의심된다면 빠르게 전문가에게 상담을 받아 문제를 해결해야 합니다."
시공 중에 누수가 발생했을 때 어떤 조치를 취해야 하나요?,"건설 중 누수 발생 시 즉시 숙련된 전문가에게 연락하여 문제 원인 파악 및 대책 수립이 필요합니다. 임시 조치로 누수 지점 주변을 방수 처리하고, 구조 손상 및 곰팡이 발생 방지를 위해 건조한 환경 유지에 유의해야 합니다. 장기적인 해결을 위해서는 원인을 파악하고 근본적인 문제를 해결하는 것이 중요합니다."
이음새 롤러는 시공 작업 중에 사용되는 특별한 도구인가요? 그 기능과 사용 방법에 대해 자세히 알려주세요.,"이음새 롤러는 롤 형태의 도구로, 타일 설치 시 타일 사이의 이음새를 밀어서 고르게 정렬하고 부착시키는 데 사용됩니다. 이 도구는 타일 설치 작업의 효율성을 높이고, 미관을 향상시키는 데 도움이 됩니다."
"이음새 롤러의 재질은 어떤 것이 가장 효과적이며, 이를 선택할 때 고려해야 할 요소는 무엇인가요?","이음새 롤러의 효과적인 재질은 주로 고무나 실리콘이 사용됩니다. 이들 재질은 내마모성과 내구성이 뛰어나며, 진동 및 소음을 줄여줍니다. 재질을 선택할 때 고려해야 할 요소로는 사용 환경과 작업 목적, 그리고 예산이 있습니다. 특히 사용 환경에 따라 내열성과 내약품성을 고려하여 적합한 재질을 선택하는 것이 중요합니다."
차음재를 설치하여 외부 소리가 들리지 않도록 하려면 어떤 종류의 재질을 사용해야 하나요?,"소음 차단 성능이 우수한 차음재는 일반적으로 무거우면서도 두껍습니다. 콘크리트, 벽돌, 납과 같은 고밀도 재료는 소리를 효과적으로 차단하며, 고무, 폴리우레탄 폼과 같은 섬유질 재료는 소리를 흡수하여 차단하는 데 도움이 됩니다."
차음재를 설치하여 외부 소리가 차단되도록 하려면 어떤 설계 요소를 고려해야 하나요?,"차음재를 설치하여 외부 소리를 차단하기 위해 고려해야 할 설계 요소로는 주로 재질의 두께와 밀착성, 그리고 공간의 밀폐성이 있습니다. 먼저 충분한 두께의 차음재를 선택하여 소리의 흡수와 차단 효과를 극대화해야 합니다. 또한 차음재를 외부 벽면에 밀착하여 소리의 유출을 최소화하고, 공간 내부의 밀폐성을 높여야 합니다. 이러한 설계 요소들을 고려하여 차음재를 설치하면 외부 소리를 효과적으로 차단할 수 있습니다."
시공에서 다양한 습식방식 중에 특이한 방식이 있나요? 그 방식은 어떻게 작용하나요?,"습식방식 시공 중 특이한 방식으로는 슬러리월 시공법이 있습니다. 슬러리월은 흙막이 벽 역할을 하는 시멘트 기반 슬러리를 지반 내부에 침투시켜 벽체를 형성하는 방식입니다. 이 방식의 장점은 지반 조건에 상관없이 시공이 가능하고, 수밀성이 우수하며, 지반에 최소한의 영향만 미치는 것입니다."
"습식방식 중에 특이한 방식이 있는데, 그 방식은 무엇이고 어떻게 동작하나요?",습식방식 중 드라이 미스트 방식은 고압력으로 분무된 아주 작은 물방울을 방출함으로써 습도를 조정하는 특이한 방식입니다. 이 작은 물방울은 공기 중에 떠다니며 시간이 지남에 따라 증발하여 공기 습도를 높입니다. 이 방식은 증발기 또는 초음파 가습기를 사용하여 물방울을 생성합니다. 드라이 미스트 방식은 공기 중에 가시적인 증기나 습기를 발생시키지 않고 환경을 촉촉하게 유지하는 데 효과적입니다.
건물 외단열을 시공하면 에너지 효율성을 향상시키는 것 외에 다른 어떤 장점들이 있을까요?,"건물 외단열 시공으로 얻을 수 있는 다른 장점으로는 다음이 있습니다.
 
 * 조음차단 성능 향상: 외단열재가 소음을 차단하는 역할을 하여 실내의 조용함을 향상시킵니다.
 * 결로 예방: 외단열재는 건물 벽체를 보온하여 결로가 발생하는 것을 방지하는 데 도움이 됩니다.
 * 건축물 수명 연장: 외단열재는 건물 벽체를 외부 요인으로부터 보호하여 건축물의 수명을 연장하는 데 기여합니다."
건물 외단열을 시공하는 것이 건물 구조에 미치는 영향은 무엇인가요?,"건물 외단열 시공은 건물 구조에 다음과 같은 영향을 미칩니다.
 
 * 건물 하중 감소: 외단열재는 내부 구조물에 가해지는 하중을 줄여 구조 설계를 간소화할 수 있습니다.
 * 내진성 향상: 외단열재는 지진 시 건물의 횡방향 강성을 향상시켜 지진 저항력을 높입니다.
 * 내화성 향상: 외단열재는 건물의 내화 시간을 연장하여 화재 시 건물의 피해를 최소화할 수 있습니다.
 * 방습성 향상: 외단열재는 건물 외부에서 수분을 차단하여 구조물의 내구성을 높입니다."
시공할 장판의 면적과 재질에 따라 견적을 계산하는 방법은 무엇인가요?,시공할 장판의 면적과 재질에 따라 견적을 계산할 때는 먼저 장판의 면적을 정확하게 측정해야 합니다. 이후 각 재질의 가격을 확인하여 면적과 곱하여 재료 비용을 계산합니다. 또한 시공에 필요한 노동력 및 기타 부자재 비용도 고려해야 합니다. 견적 계산 시 재질의 품질과 디자인에 따른 가격 변동을 고려하여 정확한 견적을 제시할 수 있어야 합니다.
시공할 장판의 면적과 재질에 따라 견적을 산정하는데 고려해야 하는 요소는 무엇인가요?,"시공할 장판의 면적과 재질에 따라 견적을 산정할 때 고려해야 하는 요소:
 
 - 장판의 크기 및 두께
 - 장판의 재질 (콘크리트, 목재, 강철 등)
 - 장판의 표면 처리 (페인트, 코팅 등)
 - 장판의 설치 방법 (현물 주조, 프리캐스트 등)
 - 장판의 지지 구조 (슬래브, 보, 기둥 등)
 - 현장 조건 (접근성, 지형 등)
 - 인건비 및 자재비"
도배 후 필름 시공을 하려면 어떤 준비가 필요할까요?,"벽면의 먼지, 오염 물질 제거
 수분 함량 확인 및 조절
 벽면의 평탄성 및 결함 확인 및 보수
 필름의 종류에 맞는 접착제 또는 기타 부착 재료 준비"
도배 후 필름 시공을 하는데 필요한 도구는 무엇인가요?,"도배 후 필름 시공을 위해 필요한 주요 도구로는 주로 필름 칼, 필름 테이프, 필름 롤러, 청소 도구 등이 있습니다. 필름 칼은 필름을 자를 때 사용되며, 필름 테이프는 필름을 고정하고 정확한 위치에 부착하는 데에 사용됩니다. 또한 필름 롤러는 필름을 부착할 때 공기 포집을 방지하고 평활하게 부착하기 위해 사용되며, 청소 도구는 필름 부착 전에 벽면을 청소하고 먼지를 제거하는 데 사용됩니다."
시공을 하다가 발견한 도배풀을 제거하기 위해 사용할 수 있는 안전한 도배풀 제거제는 어디에서 구매할 수 있을까요?,도배풀을 제거하기 위한 안전한 도배풀 제거제는 건축 자재나 전문 가게에서 구매할 수 있습니다. 대형 건설 자재 상점이나 인터넷을 통해 전문적인 도배 관련 업체에서도 구매할 수 있습니다. 도배풀 제거제를 구매할 때에는 안전을 위해 전문가의 조언을 듣고 안전 사용법을 숙지하는 것이 중요합니다.
"안전한 도배풀 제거제의 주성분은 무엇이며, 이를 활용하여 도배풀을 효과적으로 제거하는 방법은 무엇인가요?","안전한 도배풀 제거제의 주성분은 구연산이다. 구연산을 물에 녹여 농도가 5%가 되도록 만든 후, 도배풀에 묻혀진 부분에 바르면 효과적으로 제거할 수 있다. 하지만 구연산은 산성이 강하므로, 사용 시 주의해야 한다."
시공과 관련하여 건물 내부에서 벽이 떨어지는 경우에는 어떤 조치를 해야 할까요?,"벽 붕괴 시 시공 관련 조치:
 - 안전 확보 (건물 대피, 경계선 설정)
 - 손상 범위 평가 및 임시 지지 설치
 - 원인 조사 및 수리 계획 수립
 - 자재 및 인력 준비
 - 수리 작업 수행
 - 안전 검사 및 허가 취득"
건물 시공 중에 외부에서 소음이 발생할 때 대처 방법은 무엇인가요?,"공사 중 외부 소음 대처 방법:
 
 - 소음원 식별 및 제어: 기계 소음, 교통 소음 등 소음원 확인 후 적절한 소음 제어 조치 실시
 - 소음 차단벽 설치: 공사 현장 주변에 소음 차단벽 또는 울타리 설치하여 소음 전파 차단
 - 소음 감소 기계 사용: 소음 저감형 기계 또는 장비 사용으로 소음 발생량 감소
 - 작업 시간 조정: 소음에 민감한 시간대(주말, 야간 등) 피해 작업 시간 조정
 - 지역 주민과 소통: 지역 주민에게 공사 일정 및 소음 대책 안내, 불편함 최소화 위한 협력 요청
 - 소음 모니터링 및 대응: 소음 수준을 정기적으로 모니터링하여 소음 한계 초과 시 추가 대책 수립 및 시행"
시공할 때 벽에 도배나 페인팅을 하려면 무엇을 고려해야 하나요?,"도배 및 페인팅 시 고려사항:
 
 - 벽의 상태: 갈라짐, 수분 손상, 곰팡이 등을 확인하고 필요한 경우 수리 또는 청소 필요.
 - 도료 유형: 사용 목적과 벽의 상태에 맞는 적절한 도료 유형 선택이 중요.
 - 색상 선택: 실내 분위기, 가구, 조명 등을 고려하여 색상 선택 필요.
 - 표면 처리: 도료 작업 전에 벽의 표면을 평평하게 정리하고 균열을 메우는 등의 처리가 필요.
 - 작업 환경: 충분한 환기와 적절한 온도 및 습도 유지."
시공할 때 벽에 도배나 페인팅을 하는 데 필요한 재료는 무엇인가요?,"시공할 때 벽에 도배나 페인팅을 하는 데 필요한 주요 재료로는 주로 도배지나 페인트, 롤러나 페인트 브러시, 필러, 사포가 있습니다. 도배작업 시에는 벽면을 깨끗하게 하고 도배지를 부착하기 위해 필요한 재료가 필요합니다. 페인팅 시에는 색을 입히기 위한 페인트와 롤러 또는 브러시 등의 도구가 필요하며, 필러는 벽면의 불규칙한 부분을 매끄럽게 처리하기 위해 사용됩니다. 마지막으로, 작업을 위한 보호장비로 사포 등을 사용하여 작업자와 주변 환경을 보호합니다."
"신혼집을 꾸미는데 장롱을 옮기려고 하는데, 장롱 옮기는 법과 주의해야 할 점에 대해 알려주실 수 있을까요?","신혼집 장식을 위해 장롱을 옮기시겠군요. 안전하고 올바르게 옮길 수 있도록 다음과 같은 방법을 제안합니다.
 
 1. 먼저 장롱 속에 있는 물건들을 모두 꺼내세요. 장롱이 너무 무겁지 않도록 하기 위해서입니다.
 2. 장롱의 문을 열어두세요. 이렇게 하면 장롱을 옮기는 동안 문이 열리지 않도록 할 수 있습니다.
 3. 장롱을 들어올리기 전에 바닥에 이불이나 담요를 깔아두세요. 이렇게 하면 장롱이 바닥을 손상시키지 않도록 할 수 있습니다.
 4. 장롱을 들어올릴 때는 친구나 가족의 도움을 받으세요. 장롱은 무거울 수 있으므로 혼자 옮기지 마세요.
 5. 장롱을 옮길 때는 충돌하거나 떨어뜨리지 않도록 주의하세요. 장롱이 손상될 수 있습니다.
 6. 장롱을 새로운 위치에 놓은 후 안전하게 고정하세요. 장롱이 넘어지거나 흔들리지 않도록 하기 위해서입니다."
장롱을 옮기는데 필요한 도구와 장롱을 옮길 때 주의해야 할 점은 무엇인가요?,"장롱을 옮기는데 필요한 도구:
 
 - 스크류드라이버: 장롱 문과 손잡이를 분리하는 데 사용
 - 렌치: 장롱의 다리나 받침대를 분리하는 데 사용
 - 운반대: 장롱을 운반하는 데 사용
 
 장롱을 옮길 때 주의해야 할 점:
 
 - 무게 중량: 장롱이 무거우면, 부상을 방지하기 위해 도움을 받는 것이 좋습니다.
 - 장롱의 크기: 장롱이 크면, 통로나 문을 지날 때 주의해야 합니다.
 - 장롱의 모서리: 장롱의 모서리가 날카로울 수 있으니, 장갑을 착용하는 것이 좋습니다.
 - 장롱의 내용물: 장롱에 물건이 들어 있으면, 옮기기 전에 꺼내는 것이 좋습니다."
수성 벽체용 탄성 방수 도료를 시공할 때 가장 중요한 포인트는 무엇인가요?,"수성 벽체용 탄성 방수 도료 시공 시 가장 중요한 포인트는 다음과 같습니다.
 
 1. 도료를 시공하기 전에 벽면을 철저히 청소하여 먼지, 기름, 이물질을 제거합니다.
 2. 벽면에 균열이나 손상된 부분이 있으면 미리 수리하여 평탄하게 만듭니다.
 3. 도료를 시공할 때는 얇게 여러 번 도포하여 두께를 균일하게 유지합니다.
 4. 도료를 시공한 후 완전히 건조될 때까지 충분한 시간을 둡니다."
수성 벽체용 탄성 방수 도료의 시공 시 주의해야 할 사항은 무엇인가요?,"수성 벽체용 탄성방수도료 시공 시 주의사항:
 - 기존 도료나 부착물을 모두 제거
 - 표면이 고르고 깨끗한지 확인
 - 습한 날씨나 직사광선이 비추는 곳에서는 시공 금지
 - 두꺼운 막을 한 번에 도포하지 않고 얇게 여러 번 도포
 - 겹치는 부분에 주의하여 균일하게 도포
 - 완전 건조될 때까지 충분한 시간 확보"
완전히 건물의 배관공사 시에 왜 기울기를 주의해야 하는 이유는 무엇인가요?,"배관공사에서 기울기가 중요한 이유는 다음과 같습니다.
 
 * 유체 흐름: 올바른 기울기는 배관 내 유체의 원활한 흐름을 보장합니다.
 * 배수: 적절한 기울기는 폐수와 빗물의 원활한 배출을 위해 필수적입니다.
 * 역류 방지: 올바른 기울기는 배관 내 역류를 방지하여 누출과 변색을 방지합니다.
 * 고체 물질 축적 방지: 기울기가 없으면 고체 물질이 배관에 축적되어 막힘을 일으킬 수 있습니다.
 * 통풍: 적절한 기울기는 배관 내 통풍을 보장하여 악취와 가스 누출을 방지합니다."
건물 배관공사 시에 기울기를 고려해야 하는 요인은 무엇인가요?,"건물 배관 공사 시 기울기를 고려해야 하는 요인은 다음과 같습니다.
 
 1. 배수 효율성: 적절한 기울기는 물이 매끄럽게 흐르도록 해서 배수 효율성을 높입니다.
 2. 막힘 방지: 기울기가 충분하면 폐기물이 축적되어 파이프를 막는 것을 방지합니다.
 3. 충분한 유속: 기울기가 있으면 물이 충분한 속도로 흐르게 되어 침전물 쌓임과 냄새 발생을 방지합니다.
 4. 배수구 배치: 배수구는 기울기에 맞게 배치해야 물이 효율적으로 빠져나갈 수 있습니다.
 5. 건물 구조: 건물의 구조적 특징은 배관 기울기에 영향을 미칩니다. 예를 들어, 슬래브 두께 및 기둥 위치를 고려해야 합니다.
 6. 지역 규정: 지역 규정은 특정 배관 시스템에 대한 최소 기울기를 규정할 수 있습니다.
 7. 사용 용도: 배관 시스템의 용도(예: 상수, 폐수, 폭우수)가 기울기 요구 사항에 영향을 미칩니다."
시공을 할 때 필요한 도배 부자재는 무엇이 있나요?,"시공할 때 필요한 도배 부자재로는 주로 도배접착제, 인감, 그리고 보수재가 있습니다. 도배접착제는 도배지를 벽면에 부착하는 데 사용되며, 인감은 도배 지점과 지점을 연결하고 마감 작업을 완성하는 데 필요합니다. 또한 보수재는 도배 작업 중에 발생할 수 있는 균열이나 결핍을 보정하고 부드럽게 마감하는 데 사용됩니다. 이러한 부자재들이 도배 작업의 품질과 완성도를 높이는 데 중요한 역할을 합니다."
도배 작업 시 필요한 부자재 중에서 가장 중요한 것은 무엇인가요?,"도배 작업 시 필요한 부자재 중에서 가장 중요한 것은 도배지입니다. 도배지는 벽면을 장식하고 보호하는 역할을 하며, 작업의 완성도와 내구성에 큰 영향을 미칩니다. 적절한 종류와 품질의 도배지를 선택하는 것이 중요하며, 벽의 상태와 사용 환경에 맞게 적절한 재질과 두께를 고려해야 합니다. 또한 도배지의 부착 방법과 마감 작업도 중요한 요소이며, 전문가의 조언을 받아 신중하게 선택해야 합니다."
시공에서 초배작업을 하는 장점은 무엇일까요?,"시공에서 초배작업을 하는 장점은 시공 전에 구조적인 결함이나 디자인 상의 오류를 미리 파악할 수 있다는 것입니다. 이를 통해 건축물의 완성도와 품질을 높일 수 있으며, 시공 과정에서 발생할 수 있는 추가 비용과 시간을 절약할 수 있습니다. 또한 초배작업을 통해 건축물의 디자인이나 레이아웃을 미리 시각화하여 고객과 협의할 수 있어 고객 만족도를 높일 수 있습니다."
시공에서 초배작업을 하는 이유는 무엇인가요?,"시공에서 초배작업을 하는 이유는 다음과 같습니다.
 
 * 기초 작업의 안전성 확보
 * 건물의 골격을 형성하고 안정성 향상
 * 후속 작업에 대한 기준점 제공"
"완전히 새로운 질문:
배관 시공 중에 소제구를 설치해야 하는 이유는 무엇이며, 어떤 경우에 소제구를 설치해야 하는지 알려주실 수 있나요?","배관 공사에서 청소구(cleanout)는 배관 라인에 설치되는 소형 문으로, 배관 내부를 청소 및 유지 관리하는 데 사용됩니다. 청소구는 특히 배관이 막히거나 흐름이 느려질 때 청소하는 데 도움이 됩니다. 일반적으로 다음과 같은 경우에 청소구가 설치됩니다.
 
 - 배관의 구부러진 곳이나 접합부
 - 배관의 가장 낮은 지점
 - 길거나 수평인 배관
 - 침전물이나 막힘이 발생하기 쉬운 배관"
배관 시공 중에 소제구를 설치하는 과정에서 고려해야 하는 안전 요소는 무엇이 있을까요?,"배관 시공 중 소제구 설치 시 고려해야 하는 안전 요소:
 
 - 가스 누출 위험
 - 폭발 위험
 - 화재 위험
 - 작업자의 안전
 - 재산 손실
 - 환경 오염"
시멘트 모르타르계 방수공사를 하는데 필요한 재료와 작업 과정은 어떻게 되나요?,"시멘트 모르타르계 방수공사에 필요한 재료와 작업 과정은 다음과 같습니다.
 
 재료: 시멘트, 모래, 물, 방수제
 
 작업 과정:
 1. 표면 준비: 표면의 이물질과 약한 부분을 제거합니다.
 2. 수분 침투 방지: 수분이 침투하지 않도록 표면에 방수제를 도포합니다.
 3. 모르타르 조제: 시멘트, 모래, 물, 방수제를 혼합하여 모르타르를 만듭니다.
 4. 모르타르 도포: 표면에 모르타르를 도포하고 균일하게 펴줍니다.
 5. 다짐 및 마감: 모르타르를 다져서 공극을 제거하고 마감합니다.
 6. 양생: 모르타르가 완전히 경화될 때까지 양생합니다."
시멘트 모르타르계 방수공사 시 어떤 종류의 재료를 사용해야 하나요?,"시멘트 모르타르계 방수공사 시에는 일반적으로 폴리우레탄 방수재나 아크릴 방수재를 사용합니다. 이들 재료는 물에 대한 저항성이 뛰어나며, 건축물의 구조물에 효과적으로 부착됩니다. 폴리우레탄 방수재는 유연성이 뛰어나고 균일한 방수층을 형성하여 수분의 침투를 막습니다. 아크릴 방수재는 빠르게 건조되며 우수한 접착력과 내구성을 가지고 있어 시공이 쉽고 효과적입니다. 선택할 때는 건축물의 환경 및 사용 목적을 고려하여 적절한 종류를 선택해야 합니다."
규산질계 침투성 도포 방수공사를 특징과 장점은 무엇인가요? 시공 단계에서 어떤 절차로 진행되는지 알려주세요.,"규산질계 침투성 도포 방수공사의 특징과 장점:
 
 * 침투하여 콘크리트 내부 기공과 균열을 채워 방수
 * 내내구성이 우수하여 장기적인 방수 효과 유지
 * 친환경적이며 건강에 해로움이 없음
 * 콘크리트 표면의 미관을 유지
 
 시공 단계:
 
 1. 표면 준비: 콘크리트 표면을 청소하고 기름이나 오염 물질 제거
 2. 1차 도포: 규산질계 방수제를 희석하여 분무 또는 바름
 3. 양생: 방수제가 콘크리트 내부로 침투되도록 충분한 시간 양생
 4. 2차 도포: 1차 도포 후 동일한 방식으로 2차 도포 실시"
"규산질계 침투성 도포 방수공사의 주요 재료는 무엇이며, 이 재료가 제공하는 특성은 무엇인가요? 시공 단계에서 어떤 절차로 진행되는지 자세히 설명해주세요.","주요 재료는 규산질계 침투성 도포 방수제입니다. 이 재료는 콘크리트 내부로 침투하여 미세한 모공을 메우고 물의 침투를 막는 역할을 합니다. 규산질계 방수제는 내구성이 강하고 콘크리트와 화학적으로 반응하여 강한 결합력을 제공합니다. 시공 단계에서는 먼저 콘크리트 표면을 청소하고 마모된 부분을 복구합니다. 그런 다음 방수제를 롤러나 스프레이로 적층하여 콘크리트에 균일하게 도포합니다. 마지막으로, 방수제가 완전히 건조된 후 보호층을 추가로 적용하여 방수층을 보호합니다."
왜 배관공사 시 통기구를 설치해야 하는가?,"환기 시스템은 하수관 내부의 악취 제거와 주변 공간의 균형 잡힌 대기 압력 유지를 위해 필수적입니다. 악취가 차단되면 메탄과 같은 유해 기체가 쌓이는 것을 방지하고, 균형 잡힌 압력은 하수관 내부 압력이 급격히 증가하지 않도록 방지하여 배관 파열을 예방합니다."
배관공사 시 통기구 설치의 중요성은 무엇인가요?,"배관공사에서 통기구의 설치는 다음과 같은 이유로 중요합니다.
 
 * 배관 내부에 공기가 차는 상황 예방
 * 막힘 제거 및 침전물 축적 방지
 * 부식 및 악취 방지
 * 배관 시스템의 효율성 향상
 
 특히, 폐수 배출 시 발생할 수 있는 음압을 조절하여 배관 내부의 음압이 너무 커지지 않도록 하여 배관 파손을 방지하는 역할을 합니다."
도배풀을 사용할 때 어떤 상황에 어떤 농도가 적절한지 어떻게 판단해야 할까요?,"도배풀의 적절한 농도는 도배 종류, 도색 표면, 기후 조건에 따라 달라집니다. 일반적으로 수성 도료와 유성 도료에 사용되는 도배풀의 농도는 다음과 같습니다.
 
 * 수성 도료: 10-20%
 * 유성 도료: 5-10%
 
 기후가 건조한 지역에서는 더 묽은 농도를 사용하고, 습한 지역에서는 더 진한 농도를 사용하는 것이 좋습니다. 도색 표면이 거칠거나 다공성이 있는 경우에도 더 진한 농도를 사용해야 합니다.
 
 도배풀의 농도가 너무 묽으면 도료가 제대로 달라붙지 않고, 너무 진하면 도료가 흐르거나 껍질이 벗겨질 수 있습니다. 도배를 시작하기 전에 작은 부분에 테스트해 보는 것이 좋습니다."
도배풀을 혼합할 때 어떤 요소가 농도 조절에 영향을 미치는지 알려주세요.,"도배풀 농도 조절에 영향을 미치는 요인은 물과 도배풀의 비율입니다. 물의 양이 많을수록 농도가 낮아지고, 도배풀의 양이 많을수록 농도가 높아집니다."
내부 문이 부족한 여닫힘을 보일 때 시공 전문가를 부르지 않고도 어떻게 수리할 수 있을까요?,문을 조절하여 여닫힘을 개선할 수 있습니다. 먼저 문을 벗기고 문틀의 상하 힌지를 조절합니다. 힌지 나사를 조이거나 느슨하게 하여 문이 수평으로 정렬되도록 합니다. 그런 다음 문을 다시 장착하고 여닫힘이 개선되었는지 확인합니다.
내부 문이 부족한 여닫힘을 보일 때 시공 전문가를 부르지 않고도 어떻게 개선할 수 있을까요?,"내부 문이 부족한 여닫힘을 보일 때 시공 전문가를 부르지 않고도 개선하는 방법은 다음과 같습니다.
 
 * 문틀 조절: 문틀의 나사를 조여서 문이 더 꼭 들어가도록 합니다.
 * 경첩 조절: 경첩의 나사를 조여서 문이 더 단단히 고정되도록 합니다.
 * 스트라이크 플레이트 조절: 스트라이크 플레이트를 약간 움직여 문이 더 꼭 닫히도록 합니다.
 * 문 하단 조절: 문 하단에 얇은 패드 또는 와셔를 붙여 문이 바닥과 더 가까워지도록 합니다.
 * 윤활유 도포: 경첩과 스트라이크 플레이트에 윤활유를 바르면 문의 움직임이 부드러워집니다."
속건형 유성 발수제는 시공 분야에서 어떤 역할을 하는가?,"속건형 유성 발수제는 시공 분야에서 다음과 같은 역할을 합니다.
 
 * 습윤 표면에도 도포 가능
 * 단시간 건조로 작업 효율 향상
 * 뛰어난 발수성으로 습기 차단"
속건형 유성 발수제가 시공 분야에서 어떤 특징을 가지고 있나요?,"속건형 유성 발수제의 시공 분야 특징:
 
 * 빠른 건조 시간: 전통적인 발수제보다 건조 속도가 빠르며, 시공 후 짧은 시간 내에 건조되어 사용 가능.
 * 우수한 발수성: 유성 제형으로 뛰어난 발수성을 제공하며, 물과 기름을 효과적으로 차단.
 * 내구성: 내후성이 우수하여 외부 환경에서 장기간 발수 효과를 유지.
 * 친환경성: 수성 제형과 달리 유기 용제를 사용하지 않아 친환경적.
 * 다양한 표면 적용 가능: 콘크리트, 벽돌, 타일, 금속 등 다양한 표면에 적용 가능."
완전히 실크벽지를 도배할 때 고려해야 할 중요한 점은 무엇인가요?,"완벽한 실크벽지 도배를 위해 고려해야 할 사항은 다음과 같습니다.
 
 - 실크벽지의 특성을 고려하여 적절한 도료를 선택하십시오.
 - 실크벽지 표면의 오염을 제거한 후 도료를 도포하십시오.
 - 도료를 도포할 때는 붓을 사용하여 균일하게 도포하십시오.
 - 실크벽지는 건조하기까지 시간이 걸리므로 충분한 시간을 두십시오."
실크벽지를 도배할 때 가장 적합한 도구와 재료는 무엇인가요?,"실크벽지를 도배할 때 가장 적합한 도구는 보통 평범한 페인트 롤러와 페인트 브러시입니다. 이 도구들은 실크벽지의 부드러운 표면을 부드럽게 다룰 수 있고 색상을 균일하게 입힐 수 있습니다. 또한 실크벽지에는 벽지접착제와 같은 특별한 재료가 필요합니다. 이것은 실크벽지를 벽면에 고정하는 데 사용되며, 벽지의 재질과 구조에 따라 선택되어야 합니다. 실크벽지를 부착할 때는 재료의 지시사항을 잘 따르고 벽면을 청소하고 평평하게 준비하는 것이 중요합니다."
"신축주택을 짓거나 건물을 리모델링할 때, 올퍼티 마감은 마감재료를 설치하는 프로세스를 의미합니다.  올퍼티 마감 작업에서 가장 중요한 요소는 무엇인가요?","올퍼티 마감 작업에서 가장 중요한 요소는 마감재료의 선택과 설치입니다. 적절한 마감재료를 선택하고 전문가에 의해 정확하게 설치되어야 합니다. 마감재료는 건물의 외관과 내부 공간의 미적 요소를 결정하며, 내구성과 유지보수에도 영향을 미칩니다. 따라서 마감재료의 품질과 설치 과정의 정확성이 올퍼티 마감 작업에서 핵심적인 역할을 합니다."
올퍼티 마감 시공에서 가장 많이 사용되는 재료는 무엇인가요?,"올퍼티 마감 시공에서 가장 많이 사용되는 재료는 주로 석고보드나 시멘트보드입니다. 이러한 보드는 벽면을 부드럽게 마무리하고 부식에 강하며 내구성이 뛰어나기 때문에 인기가 있습니다. 또한 올퍼티 마감 작업에서는 주로 주물스판덱스나 다목적스판덱스와 같은 매끈한 표면을 만들어주는 완만재나 보드를 사용하기도 합니다. 이러한 재료들은 마감 작업을 수행하는 데 필수적이며, 고품질의 마감을 제공합니다."
어떤 방음공사를 하는 경우에 차음재와 흡음재는 각각 어디에 넣어야 하는지 설명해주세요.,"방음공사를 할 때 차음재는 소음의 전달을 막기 위해 소음이 발생하는 곳과 외부 사이에 설치됩니다. 주로 벽면 또는 천장 내부에 사용됩니다. 반면, 흡음재는 내부에서 발생한 소음을 흡수하여 반향을 줄이는 역할을 합니다. 주로 방 내부의 벽면 또는 천장에 설치됩니다. 이렇게 차음재와 흡음재는 각각 소음의 발생지와 소음이 방향되는 곳에 설치되어 효과적인 방음 효과를 얻습니다."
"방음공사를 할 때 차음재와 흡음재의 역할은 무엇이며, 각각이 어떻게 설치되어야 하는지 설명해주세요.","차음재
 
 * 외부 소음 차단에 집중
 * 단단한 재료(납, 고무, 콘크리트 등)로 만들어짐
 * 소음파의 진동을 차단하여 방으로 전달되는 소음을 줄임
 * 벽, 바닥, 천장에 직접 부착하거나 떠 있는 프레임에 설치
 
 흡음재
 
 * 방 내부의 잔향 소음 흡수에 집중
 * 부드러운 재료(유리 섬유, 암면, 페놀폼 등)로 만들어짐
 * 소음파의 에너지를 흡수하고 열로 변환하여 소음을 줄임
 * 벽, 천장, 가구에 패널, 타일 또는 스프레이 형태로 설치"
"시공과 관련하여 발수공사가 건축물에서 어떤 역할을 하고, 왜 중요한가요?","발수공사는 건축물에 침투하는 습기를 차단하는 중요한 역할을 합니다. 습기는 구조적 손상, 곰팡이 성장, 썩음을 유발할 수 있기 때문에 건물의 건전성과 내구성을 유지하기 위해서는 발수 처리가 필수적입니다."
건축물 시공 중 발수공사가 필요한 이유는 무엇인가요?,"건축물 시공 중 발수공사는 외부로부터의 습기와 수분 침입을 방지하기 위한 필수적인 공정입니다. 이러한 습기와 수분은 건축물 내부에 곰팡이, 썩음, 구조적 손상을 일으킬 수 있습니다. 발수공사는 수분을 차단하고 건축물의 내구성과 건강성을 보장하는 데 도움이 됩니다."
"욕실 수도꼭지가 누수할 때, 누수 원인을 찾아내고 전문가를 부르지 않고도 어떻게 수리할 수 있을까요?","누수 확인 및 수리 단계:
 
 1. 누수 위치 확인
 2. 수도꼭지 종류 파악
 3. 패킹 너트 조임 확인
 4. 핸들 교체 고려
 5. 카트리지 교체 시도
 
 추가 팁:
 
 * 수도꼭지 주변을 닦은 후 누수 확인
 * 수도꼭지 핸들을 끄고 켜보면 누수 발생 여부 확인 가능
 * 수도꼭지 종류에 맞는 부품 사용
 * 조심히 작업하고 너무 세게 조이지 않음"
욕실 수도꼭지의 누수를 방지하기 위한 유용한 팁은 무엇인가요?,"욕실 수도꼭지의 누수를 방지하기 위한 유용한 팁으로는 수도꼭지를 주기적으로 점검하고 필요하면 밀폐제나 실리콘을 사용하여 균열이나 누출 부분을 보수하는 것이 중요합니다. 또한 사용하지 않을 때는 수도꼭지를 완전히 닫고, 조절기의 각도를 확인하여 물이 잘 닫혔는지 확인해야 합니다. 수도꼭지나 호스가 낡거나 손상된 경우에는 즉시 교체하는 것이 좋습니다. 누수가 발견되면 신속하게 수리하여 재난을 방지하고 물과 에너지를 절약할 수 있습니다."
"인테리어 시공을 위해 고를 때, 어떤 요소들을 고려해야 할까요?","* 디자인과 스타일: 공간의 분위기를 정의하고 원하는 분위기를 조성합니다.
 * 색상과 조명: 공간의 분위기를 조성하고 원하는 분위기를 만듭니다.
 * 가구와 장식: 공간의 기능성과 스타일을 높입니다.
 * 재료와 마감: 공간의 내구성과 미관을 높입니다.
 * 공간 배치와 동선: 공간의 기능성과 편의성을 높입니다."
"인테리어 시공 시, 어떤 디자인 트렌드를 고려해야 할까요?","인테리어 시공 시에는 주거환경과 사용자 취향을 고려하여 다양한 디자인 트렌드를 고려해야 합니다. 현재의 트렌드 중 일부는 자연주의 디자인, 지속가능성, 미니멀리즘 등입니다. 또한 컬러 팔레트, 소재 선택, 조명 등의 측면에서도 트렌드를 반영할 수 있습니다. 중요한 것은 사용자의 취향과 생활 방식을 고려하여 트렌드를 적용하는 것이며, 디자인이 아름답고 기능적이며 사용자에게 만족감을 줄 수 있도록 하는 것이 목표입니다."
한 롤의 도배지로 10평짜리 방을 도배할 수 있나요?,"한 롤의 도배지로 10평 짜리 방을 도배하는 것은 일반적으로 어렵습니다. 도배지의 폭과 길이, 그리고 방의 크기와 형태에 따라 필요한 도배지의 양이 달라집니다. 보통 도배지는 정해진 크기로 판매되며, 10평짜리 방을 도배하기 위해서는 여러 롤의 도배지가 필요할 수 있습니다. 따라서 정확한 계산과 측정이 필요합니다."
한 롤의 도배지로 10평짜리 방을 도배할 때 필요한 도배지의 양은 얼마인가요?,한 롤의 도배지로 10평짜리 방을 도배할 때 필요한 도배지의 양은 방의 높이와 벽의 너비에 따라 달라집니다. 일반적으로 10평짜리 방의 벽면을 도배하기 위해서는 약 3~4롤의 도배지가 필요할 수 있습니다. 하지만 이는 각 방의 크기와 도배지의 폭 등에 따라 다를 수 있으므로 정확한 양을 계산하려면 벽의 너비와 높이를 측정하여 도배지의 필요량을 계산하는 것이 좋습니다.
타일에 구멍을 뚫기 전에 어떻게 타일의 종류와 두께를 확인할 수 있을까요?,"타일의 종류와 두께를 확인하기 위해서는 먼저 타일의 모서리를 살펴보아야 합니다. 일반적으로 타일의 모서리가 얇고 날카로우면 도자기 타일이며, 두껍고 둥글면 세라믹 타일입니다. 또한, 타일의 무게를 비교해보면 도자기 타일은 세라믹 타일보다 가볍습니다."
타일의 종류와 두께를 고려하여 어떤 종류의 드릴 비트를 선택해야 할까요?,"타일의 종류와 두께에 따라 적합한 드릴 비트를 선택해야 합니다. 일반적으로 작은 타일이나 얇은 타일의 경우 다이아몬드 티포인트 드릴 비트가 적합하며, 큰 타일이나 두꺼운 타일의 경우 다이아몬드 코어 드릴 비트를 사용하는 것이 좋습니다. 다이아몬드 티포인트는 작은 구멍을 정확하게 드릴 때 효과적이며, 다이아몬드 코어는 큰 구멍을 뚫을 때 사용됩니다. 선택할 때는 타일의 재질과 두께를 고려하여 적합한 크기와 형태의 드릴 비트를 선택해야 합니다."
외단열 시공의 단점은 무엇인가요? (시공),"외단열 시공의 단점은 주로 시공비용이 높고 시공 기간이 길다는 것입니다. 외단열은 건물의 외부에 단열재를 설치하는 작업으로, 시공 과정에서 재료를 설치하고 마감하는 데 많은 노력과 시간이 소요됩니다. 또한 외단열은 전문적인 기술과 장비를 요구하므로 시공비용이 상대적으로 높을 수 있습니다. 따라서 외단열 시공을 고려할 때 이러한 단점을 고려해야 합니다."
외단열 시공의 단점을 보완하기 위한 대안은 무엇이 있나요?,외단열 시공의 단점을 보완하기 위한 대안으로는 내단열 시공이 있습니다. 내단열은 건물의 내부에 단열재를 설치하여 외부 온도의 영향을 줄이는 방법입니다. 이는 외부에서 발생하는 열과 소음을 효과적으로 차단하고 내부 온도와 습도를 안정화시킬 수 있어 외단열의 단점을 보완할 수 있습니다. 또한 내단열은 에너지 효율성을 향상시키고 건물 내부의 쾌적한 환경을 유지하는 데 도움이 됩니다.
"외단열 시공과 내단열 시공의 장단점을 비교했을 때, 내단열 시공이 가지는 특별한 이점은 무엇인가요?","내부 단열 시공의 특별한 이점은 다음과 같습니다.
 
 * 내부 공간을 넓게 유지할 수 있습니다.
 * 내부 벽체의 단열 성능을 향상시킬 수 있습니다.
 * 내부 벽체의 보온 성능을 향상시킬 수 있습니다.
 * 내부 벽체의 방음 성능을 향상시킬 수 있습니다.
 * 내부 벽체의 화재 저항 성능을 향상시킬 수 있습니다."
외단열 시공과 내단열 시공의 차이점은 무엇이 있나요?,"외단열 시공과 내단열 시공의 주요 차이점은 시공 위치와 방법에 있습니다. 외단열은 건물 외부에 단열재를 설치하는 반면, 내단열은 건물 내부에 단열재를 설치합니다. 외단열은 건물의 외부 벽면에 단열재를 추가하여 외부 온도의 영향을 차단하고 열 손실을 줄이는 것을 목적으로 합니다. 반면 내단열은 건물의 내부에 단열재를 설치하여 실내 온도와 습도를 조절하고 외부 소음이나 열의 침입을 막는 것을 목적으로 합니다. 이러한 차이로 인해 시공 방법과 효과도 다르게 나타납니다."
액체방수공사를 할 때 주의해야 할 사항은 무엇인가요?,"액체방수공사 시 주의사항:
 
 - 적용 표면의 올바른 준비(청소, 건조, 평활)
 - 환경 조건 고려(기온, 습도, 바람)
 - 적절한 혼합 및 도포 방법
 - 겹침 부분과 세부 사항 세심한 처리
 - 완전 치유 시간 확보
 - 정기적인 점검 및 유지 관리"
액체방수공사 시 고려해야 할 요소는 무엇인가요?,"좋은 액체방수 시스템을 설계하기 위해서는 건물의 용도, 지역의 기후, 건축 재료, 지하수 및 지반 상태 등을 고려해야 합니다. 적절한 방수재 및 방수 시스템을 선택하고 설치하는 것이 중요합니다. 또한 시공 전 후의 점검과 유지보수 계획도 필수적입니다."
시공에서의 도배순서는 어떻게 되나요?,"도배 순서:
 
 1. 표면 준비: 표면을 청소하고 매끄럽게 만듭니다.
 2. 프라이머 도포: 표면에 페인트가 잘 붙도록 도와줍니다.
 3. 퍼티 덧칠: 벽이나 천장의 균열이나 구멍을 메웁니다.
 4. 샌딩: 퍼티를 매끄럽고 평평하게 만듭니다.
 5. 베이스 코트 도포: 페인트의 기본 색상을 제공합니다.
 6. 상면 코트 도포: 내구성과 마감을 향상시킵니다.
 7. 트림 및 몰딩 도포: 문틀, 창틀 및 기타 장식품을 페인팅합니다."
도배 시공 시 고려해야 하는 주요 사항은 무엇인가요?,"도배 시공 시에는 먼저 벽면의 상태를 점검해야 합니다. 평활한 표면이 필요하며, 필요한 경우 벽면을 교정해야 합니다. 그 다음으로는 적절한 접착제와 도배재를 선택하여 시공해야 합니다. 마지막으로, 도배 작업 후에는 마감 및 청소를 신경 써야 합니다."
시공에서 헤라는 어떤 역할을 하는 물건인가요?,"시공에서 헤라는 건축물의 외벽에서 물이 스며들지 않도록 하는 역할을 합니다. 일반적으로 외벽의 상단 부분에 부착되어 비를 막고, 건물 내부로의 수분 침입을 방지합니다. 헤라는 외벽의 보온 및 방수성을 높여 건축물의 내구성을 보장하고, 외부 환경으로부터 건물을 보호하는 중요한 부품입니다."
시공에서 헤라가 사용되는 재료는 무엇인가요?,시공에서 헤라는 일반적으로 PVC 또는 알루미늄으로 만들어집니다. PVC 헤라는 경제적이며 가벼우며 성능이 우수합니다. 반면 알루미늄 헤라는 내구성이 뛰어나고 높은 품질의 마감을 제공합니다. 선택은 건축물의 디자인과 예산에 따라 다를 수 있습니다.
한국에서 겨울 도배 공사를 할 때 적정 온도는 얼마인가요?,한국에서 겨울 도배 공사를 할 때 적정 온도는 일반적으로 5도 이상으로 권장됩니다. 낮은 온도에서는 도배재의 건조 속도가 느려지고 점착력이 감소하여 도배 작업의 품질에 영향을 줄 수 있습니다. 따라서 5도 이상의 온도에서 작업을 진행하여 도배재가 적절히 건조되고 부착력이 유지되도록 하는 것이 중요합니다.
한국에서 겨울 도배 공사를 할 때 온도가 너무 낮거나 높을 때 발생할 수 있는 문제는 무엇인가요?,"한국의 겨울에는 낮은 온도로 인해 도배 작업에 어려움이 있을 수 있습니다. 낮은 온도에서는 도배재의 건조 시간이 길어지고 접착력이 약해지는 등의 문제가 발생할 수 있습니다. 높은 온도에서는 도배재가 너무 빨리 건조되어 제대로 접착되지 않을 수 있고, 작업자의 작업 효율이 떨어질 수도 있습니다."
"목재 가구의 표면에 깊은 긁힘이 생겼을 때, 어떻게 수리할 수 있을까요? (카테고리: 시공)","목재 가구에 깊은 긁힘이 생긴 경우, 다음과 같은 방법으로 수리할 수 있습니다.
 
 1. 긁힘을 청소하고 건조시킵니다.
 2. 긁힘에 맞는 색상의 목재 필러를 사용하여 긁힘을 채웁니다.
 3. 필러가 마르면 젖은 헝겊이나 부드러운 브러시로 표면을 매끄럽게 합니다.
 4. 원하는 경우 긁힘 위에 투명한 마감재 또는 페인트를 바릅니다.
 
 이 방법으로 깊은 긁힘을 효과적으로 수리할 수 있습니다."
"목재 가구의 표면에 깊은 긁힘이 생겼을 때, 어떤 재료를 사용하여 수리할 수 있을까요? (카테고리: 시공)","깊은 목재 가구 표면의 긁힘을 수리할 때, 보통 매트치나 목재 패취를 사용합니다. 매트치는 작은 흠집이나 표면 손상을 가리는 데 효과적이며, 목재 패취는 깊은 긁힘을 채우고 표면을 복원하는 데 사용됩니다. 이러한 재료를 사용하여 표면을 세심하게 다듬고 마무리할 수 있습니다."
"시공 카테고리에 맞는 완전히 새로운 질문:
정배작업은 건물 또는 시설을 건설할 때 어떤 역할을 하는 것인가요? 그리고 정배작업을 통해 건물의 안전성과 품질을 어떻게 보장할 수 있나요?","정배작업은 건물의 안전성과 품질을 보장하기 위한 필수적인 공정입니다. 정배작업을 통해 구조물의 하중을 안전하게 지지하고, 건물의 내구성을 높이며, 사용자의 편의성을 향상시킬 수 있습니다. 또한, 정배작업을 통해 건물의 에너지 효율성을 높이고, 환경 친화적인 건물을 만들 수 있습니다."
"건설 현장에서 사용되는 정배작업의 주요 장비는 무엇이 있고, 이 장비들은 건설 프로세스에서 어떤 역할을 하나요?","건설 현장에서 사용되는 정배 작업의 주요 장비로는 콘크리트 퍼프, 플레이스먼트 머신, 그리고 라이저 포크리프트 등이 있습니다. 콘크리트 퍼프는 콘크리트를 원하는 위치로 효과적으로 퍼뜨려주는데 사용되며, 플레이스먼트 머신은 콘크리트를 정확하게 배치하는 데 도움을 줍니다. 라이저 포크리프트는 높은 곳에 있는 재료를 안전하게 운반하는 데 사용되며, 건설 프로세스에서 효율적이고 안전한 작업을 보장합니다."
벽에 있는 균열을 어떻게 수리하나요? (시공),"벽의 균열을 고치는 단계는 다음과 같습니다.
 
 1. 균열을 정리하고 먼지와 이물질을 제거합니다.
 2. 균열 주위의 페인트를 벗깁니다.
 3. 균열을 채우기 위한 적절한 재료를 선택합니다.
 4. 균열에 적절한 재료를 채웁니다.
 5. 균열을 샌딩하여 평평하게 만듭니다.
 6. 페인트를 다시 도포하여 균열을 숨깁니다."
벽에 균열이 발생하는 주요 원인은 무엇인가요?,"벽에 균열이 발생하는 주요 원인은 건축물의 수축과 팽창, 지반의 이동, 구조물의 하중, 재료의 노화, 그리고 부실한 건축 기술 등이 있습니다. 이러한 요인들은 벽체에 의해 감당되기 어려운 응력을 초래하여 균열을 유발할 수 있습니다."
어떻게 콘크리트 벽에 나사를 박을 수 있나요?,"콘크리트 벽에 나사를 박으려면 다음 단계를 따르세요.
 
 1. 콘크리트용 드릴 비트를 사용하여 벽에 안전하게 구멍을 뚫습니다.
 2. 드릴 비트 지름보다 약간 더 작은 플라스틱 또는 금속 앵커를 구멍에 삽입합니다.
 3. 나사를 앵커에 조이면서 벽에 나사를 단단히 고정합니다."
콘크리트 벽에 나사를 박는 데 필요한 도구는 무엇인가요?,"콘크리트 벽에 나사를 박기 위해 필요한 도구로는 전기 드릴과 콘크리트 드릴 비트가 있습니다. 전기 드릴은 나사 구멍을 내는 데 사용되며, 콘크리트 드릴 비트는 콘크리트의 단단한 표면을 드릴링할 수 있도록 도와줍니다. 이 두 가지 도구를 사용하여 콘크리트 벽에 튼튼하게 나사를 박을 수 있습니다."
"시공과 관련된 완전히 새로운 아파트를 시공할 때, 내부 도배 작업을 위해 몇 명의 인력이 필요한가요?","내부 도배 작업을 위해 필요한 인력 수는 아파트의 크기와 도배 작업의 복잡성에 따라 다를 수 있습니다. 보통 대형 아파트의 경우 수십 명에서 수백 명의 공사 인력이 필요할 수 있습니다. 이들은 도배작업의 다양한 단계를 수행하며, 기본적으로 도배접착제를 바르고 도배지를 부착하는 등의 작업을 수행합니다. 그러나 정확한 인력 수는 프로젝트의 규모와 일정, 그리고 공사 현장의 조건 등을 고려하여 결정되어야 합니다."
"새로운 아파트 시공 시, 내부 도배 작업을 위해 필요한 장비와 도구는 무엇이 있나요?","새로운 아파트 시공 시 내부 도배 작업을 위해 필요한 장비와 도구로는 도배용 롤러, 페인트 브러시, 스크레이퍼, 거품 롤러, 마스킹 테이프 등이 있습니다. 롤러와 브러시는 페인트를 바를 때 사용되고, 스크레이퍼는 이전 도배물을 제거하는 데 도움을 주며, 거품 롤러는 벽면에 공기 포장을 방지하는 데 사용됩니다. 마스킹 테이프는 정교한 작업을 위해 필수적입니다."
"도배솔은 시공에 등장하는 물건으로, 그것의 특징과 능력은 무엇인가요?","도배솔은 페인트나 니스를 도포하는 데 사용되는 도구로, 천연 모발, 합성 섬유, 동물털 등 다양한 소재로 만들어집니다. 크기와 모양은 용도에 따라 다르며, 넓은 면적을 칠하는 데 적합한 큰 솔에서 좁은 부분이나 모서리를 칠하는 데 사용되는 작은 솔까지 다양합니다.
 
 특징은 다음과 같습니다.
 
 - 페인트를 골고루 도포하고 뭉침을 방지
 - 표면의 균일한 마무리를 만듦
 - 모양과 크기가 다양하여 다양한 용도에 맞춤
 - 재사용 가능하고 쉽게 청소할 수 있음"
도배솔이 시공에서 어떤 역할을 하는지 설명해 주실 수 있나요?,"도배솔은 도배 작업 중에 사용되며 표면을 균일하게 만들고 도배재를 효과적으로 퍼뜨려주는 역할을 합니다. 이 도구는 도배재를 벽면에 고르게 발라줌으로써 마감 작업을 보다 깔끔하게 만들어주고 공간을 더 아름답게 완성시킵니다. 도배솔은 도배 작업의 효율성을 높여주며, 최종적으로 고품질의 마감을 보장합니다."
옥상 방수용 탄성 에멀전 페인트를 사용하는 것의 시공상 장점은 무엇인가요?,"옥상 방수용 탄성 에멀전 페인트를 사용하는 것의 시공상 장점은 다음과 같습니다.
 
 * 시공이 간편하고 빠릅니다.
 * 얇은 두께로도 우수한 방수성을 제공합니다.
 * 유연성이 뛰어나 옥상의 움직임을 잘 따라갑니다.
 * 내구성이 뛰어나 오래도록 사용할 수 있습니다."
옥상 방수용 탄성 에멀전 페인트를 선택하는 이유는 무엇인가요?,"옥상 방수용 탄성 에멀전 페인트를 선택하는 이유는 그 유연성과 내구성 때문입니다. 이러한 페인트는 옥상의 움직임이나 변형에 대응하여 균일한 방수 보호를 제공하며, 장기간에 걸쳐 날씨 변화에도 탁월한 성능을 유지합니다. 또한 쉽게 적용되며 환경 친화적이어서 옥상 방수에 이상적입니다."
벽에 구멍을 막을 때 가장 효과적인 시공 방법은 무엇인가요?,"벽에 구멍을 막는 가장 효과적인 방법은 수리용 패치를 사용하는 것입니다. 먼저 구멍 주변 부분을 거칠게 연마하고 청소하세요. 패치를 구멍 위에 붙이고, 부드러운 천이나 스폰지로 가볍게 눌러 잘 부착되도록 하세요. 완전히 건조될 때까지 기다렸다가, 페인트나 벽지로 마무리하세요."
벽에 구멍을 메우는 데 가장 효과적인 재료는 무엇인가요?,"벽에 구멍을 메우는 가장 효과적인 재료는 고립재나 목재 패취입니다. 고립재는 벽의 구멍을 빠르고 쉽게 메울 수 있으며, 건조 후에는 단단한 표면을 형성합니다. 목재 패취는 작은 구멍이나 흠집을 메울 때 유용하며, 목재와 잘 어울리는 특성을 가지고 있습니다."
방수용 도료의 종류에는 어떤 것이 있나요? 시공과 관련된 질문입니다.,"방수용 도료의 종류에는 아크릴 도료, 우레탄 도료, 에폭시 도료 등이 있습니다. 아크릴 도료는 대체로 사용이 편리하고 비교적 경제적이며 수분에 강합니다. 우레탄 도료는 내구성이 뛰어나고 화학 물질에 대해 저항력이 강하며, 주로 바닥재나 외벽에 사용됩니다. 에폭시 도료는 높은 내구성과 접착력을 가지고 있으며, 주로 콘크리트 표면의 방수 처리에 사용됩니다. 이러한 다양한 도료 중에서 적절한 도료를 선택하여 시공할 때는 사용환경과 목적을 고려해야 합니다."
방수용 도료를 선택할 때 고려해야 하는 요소는 무엇인가요?,"방수용 도료를 선택할 때 고려해야 하는 주요 요소로는 내구성, 부착력, 환경 친화성, 날씨 조건에 대한 저항력, 그리고 적용 표면의 재료와 용도가 있습니다. 내구성과 부착력은 도료의 품질과 수명을 결정하며, 환경 친화성은 건축물의 지속 가능성을 고려합니다. 또한 날씨 조건에 대한 저항력은 도료의 성능을 보장하고 적용 표면의 재료와 용도는 적합한 도료를 선택하는 데 중요한 요소입니다."
완전히 집안의 가전제품을 옮길 때 주의할 점은 무엇인가요?,"가전제품을 옮길 때 주의할 점은 다음과 같습니다.
 
 1. 모든 가전제품의 전원을 끄고 플러그를 뽑습니다.
 2. 냉장고와 냉동고를 옮기기 전에 녹입니다.
 3. 가전제품을 안전하게 포장하여 긁힘이나 손상을 방지합니다.
 4. 무거운 가전제품은 여러 사람이 함께 들어서 옮깁니다.
 5. 가전제품을 수직으로 세워 옮깁니다.
 6. 가전제품을 운송 중에 충격이나 진동을 최소화합니다."
가전제품을 이사할 때 안전하게 포장하는 방법은 무엇인가요?,"가전제품을 이사할 때 안전하게 포장하는 방법으로는 먼저 전원을 차단하고 전선을 제거한 후 플러그를 보관합니다. 그런 다음 부드러운 패딩 또는 이불로 가전제품을 감싸고, 충격을 흡수하는 충격흡수제를 넣습니다. 이불이나 패딩으로 감싼 후에는 강화된 박스에 안전하게 포장하고, 이동 중에 뒤집히거나 충격을 받지 않도록 주의합니다."
박리작업을 완료하기 위해 필요한 재료와 도구는 무엇인가요?,"박리작업에 필요한 재료와 도구는 다음과 같습니다.
 
 * 박리 도구: 박리기, 스크래퍼, 망치, 끌, 샌드페이퍼
 * 보호구: 안전경구, 호흡기, 장갑, 작업복
 * 기타 재료: 방수포, 테이프, 솔벤트, 청소 도구"
박리작업에 사용되는 주요 재료와 도구는 무엇인가요?,"박리 작업에 사용되는 주요 재료와 도구로는 철사 브러시, 체화제, 철거 칼, 공구세트 등이 있습니다. 철사 브러시는 표면의 오염물을 제거하고 청소하는 데 사용되며, 체화제는 표면을 부드럽게 만들어주고 부착력을 높여줍니다. 철거 칼은 잔여 물질을 제거하고 표면을 정리하는 데 도움이 되며, 공구 세트는 작업을 수행하는 데 필요한 다양한 도구를 포함합니다."
새로운 주택을 건설하는 경우에 필수적으로 알아야 할 콘크리트 벽에 구멍을 뚫는 방법은 무엇인가요?,"주택 건설 시 콘크리트 벽에 구멍을 뚫는 방법으로는 천공 드릴 사용이 필수적입니다. 천공 드릴은 간단하고 효과적인 방법으로, 다양한 크기와 형태의 구멍을 뚫는 데에 사용됩니다. 이를 통해 전기선, 배관 등을 설치하거나 환기구를 설치하는 등의 작업을 수행할 수 있습니다."
콘크리트 벽에 구멍을 뚫는데 필요한 도구는 무엇인가요?,"콘크리트 벽에 구멍을 뚫는 데 필요한 주요 도구로는 콘크리트 드릴과 콘크리트 드릴 비트가 있습니다. 콘크리트 드릴은 고강도의 콘크리트를 효과적으로 드릴링할 수 있는 도구이며, 콘크리트 드릴 비트는 드릴의 효과를 높여 콘크리트 벽에 구멍을 정확하게 뚫는 데 사용됩니다."
벽지를 제거하지 않고 도배를 하면 어떤 문제가 발생할 수 있나요? (시공),"벽지 제거 없이 도색하면 다음과 같은 문제가 발생할 수 있습니다.
 
 - 벽지 접착제와 도색 사이의 부적절한 접착으로 인한 벗겨짐 또는 벗겨짐
 - 벽지 질감의 불규칙성으로 인한 페인트 마감 불균일
 - 벽지의 기존 결점(예: 찢어짐, 구멍)이 페인트 아래에서 드러나는 것을 막을 수 없음"
벽지를 제거하지 않고 도배를 하면 시공상 어떤 어려움이 있을 수 있을까요?,"벽지를 제거하지 않고 도배를 하면 표면이 부드럽지 않고 고르지 않을 수 있으며, 도배재가 벽지와 충돌하여 부착력이 약해질 수 있습니다. 또한 벽지 아래에 있는 문제점이 도배 작업 후에 드러날 수 있으며, 도배재가 벽지에 고르게 분포되지 않을 수 있어 마감 작업이 불균일해질 수 있습니다."
신규 냉장고를 옮길 때 바닥에 어떤 보호층을 깔아야 하나요?,"신규 냉장고를 옮길 때는 바닥을 보호하기 위해 냉장고 이동 보호층을 사용해야 합니다. 이는 바닥을 긁히거나 손상되지 않도록 하는 역할을 합니다. 일반적으로는 플라스틱이나 고무로 만들어진 보호층을 사용하며, 냉장고의 무게와 바닥 재질에 따라 적절한 두께와 내구성을 고려하여 선택해야 합니다."
냉장고를 이사할 때 바닥에 보호층을 깔아야 하는 이유는 무엇인가요?,"냉장고를 이사할 때 바닥에 보호층을 깔아야 하는 이유는 바닥을 보호하고 냉장고의 무게로 인한 압력을 분산시키기 위해서입니다. 보호층이 없으면 냉장고의 무게가 바닥에 직접 가해져 바닥을 손상시킬 수 있으며, 바닥의 표면이 긁히거나 변형될 수 있습니다. 보호층은 바닥을 보호하고 냉장고를 안전하게 이사할 수 있도록 도와줍니다."
외단열 시공과 내단열 시공 중 어떤 시공 방법이 더 효과적이고 내구성이 높은가요?,"외단열 시공은 내단열 시공보다 효과적이고 내구성이 높습니다. 외단열 시공은 건물의 외부에 단열재를 설치하는 방식으로, 건물 내부의 열을 보다 효과적으로 차단할 수 있습니다. 또한 외단열 시공은 건물의 구조물을 보호하여 내구성을 높이는 효과도 있습니다."
외단열 시공과 내단열 시공의 장단점은 무엇인가요?,외단열 시공의 장점은 외부에서 열을 차단하여 실내 온도를 안정화시키고 에너지 소비를 줄일 수 있다는 것입니다. 그러나 내부에서 발생한 열이 외부로 방출되지 않기 때문에 실내에서 열이 느껴질 수 있습니다. 내단열 시공은 실내에서 발생한 열을 외부로 방출하여 내부 온도를 유지하고 에너지 비용을 절약할 수 있습니다. 그러나 외부 열이 실내로 투과될 수 있어 열이 느껴질 수 있습니다.
시공 작업 중에 사용되는 퍼티 마감의 종류와 각각의 장단점은 무엇인가요?,"시공 작업 중에 사용되는 퍼티 마감에는 석고보드 퍼티와 시멘트 퍼티가 있습니다. 석고보드 퍼티는 사용이 편리하고 부드럽게 마무리할 수 있으며, 시공이 비교적 빠릅니다. 하지만 수분에 약하고 파손될 수 있으며, 화재에도 취약합니다. 반면 시멘트 퍼티는 강력하고 내구성이 뛰어나며, 수분과 화재에 강합니다. 하지만 시공이 복잡하고 시간이 더 많이 소요될 수 있습니다. 따라서 환경과 요구에 따라 적절한 퍼티를 선택해야 합니다."
퍼티 마감 시공 시 고려해야 하는 주요 사항은 무엇인가요?,"퍼티 마감 시공 시 고려해야 하는 주요 사항으로는 퍼티의 종류와 품질, 표면의 상태 및 준비, 마감 작업의 온도와 습도, 그리고 적절한 도구와 기술이 있습니다. 퍼티의 품질과 상태는 마감 작업의 완성도에 직접적으로 영향을 미치며, 표면의 상태와 준비는 부드럽고 균일한 마무리를 위해 중요합니다. 또한 적절한 온도와 습도에서 작업하여 마감재의 건조를 보장하고, 적합한 도구와 기술을 사용하여 퍼티를 균일하게 발라야 합니다."
어떤 상황에서 흡음재와 차음재를 선택해야 하는가?,"소음을 줄이는 데 두 가지 주요 옵션인 흡음재와 차음재를 선택하는 상황은 다음과 같습니다.
 
 흡음재:
 - 공기 중에서 소리를 흡수하여 실내 반향을 줄이는 데 사용됩니다.
 - 열린 공간, 넓은 홀, 공항 등 소음이 많은 환경에 적합합니다.
 - 벽, 천장, 바닥에 설치할 수 있습니다.
 
 차음재:
 - 소리가 벽이나 천장을 통과하는 것을 차단하여 외부 소음을 줄이는 데 사용됩니다.
 - 이웃한 방, 건물 간의 소음 전달을 차단해야 하는 경우에 적합합니다.
 - 벽, 천장, 바닥에 설치할 수 있으며 단단하거나 질량이 있는 재료로 만들어집니다."
흡음재와 차음재를 선택할 때 고려해야 하는 요소는 무엇인가요?,"흡음재와 차음재를 선택할 때 고려해야 하는 요소로는 재료의 특성과 성능, 설치 환경 및 용도, 예산 및 유지보수 비용, 그리고 건축물의 특성이 있습니다. 흡음재와 차음재의 재료는 소음을 흡수하고 외부 소음을 차단하는 데 중요하며, 설치 환경과 용도에 따라 적합한 성능을 가진 제품을 선택해야 합니다. 또한 예산 및 유지보수 비용을 고려하여 장기적인 효과와 경제성을 고려해야 하며, 건축물의 특성에 맞게 최적의 솔루션을 선택해야 합니다."
초배작업을 하지 않고도 시공을 완벽히 할 수 있는 방법은 무엇일까요?,"초배작업을 하지 않고도 시공을 완벽히 할 수 있는 방법은 디지털 시뮬레이션 및 가상 현실 기술을 활용하는 것입니다. 이를 통해 건축물의 디자인을 시각화하고 공간을 탐색할 수 있으며, 문제를 미리 발견하고 수정할 수 있습니다. 또한 디지털 시뮬레이션을 통해 시공 과정을 더욱 효율적으로 계획하고 시간과 비용을 절약할 수 있습니다."
초배작업 없이 시공을 완벽히 하는 방법에는 어떤 것이 있을까요?,"초배 작업 없이 완벽한 시공을 위해선 정확한 측정과 계획이 중요합니다. 먼저 건축물의 크기와 형태를 정확하게 측정하고 필요한 자재를 충분히 준비해야 합니다. 그 후에는 정확한 배치와 조립을 통해 오차를 최소화하고, 품질을 유지할 수 있습니다. 또한 전문가의 조언을 구하고 최신 기술 및 장비를 활용하여 작업을 진행하는 것이 중요합니다."
욕실 인테리어에서 자연스러운 감성을 표현하는 방법에는 무엇이 있을까요?,"욕실 인테리어에서 자연스러운 감성을 표현하는 방법은 다음과 같습니다.
 
 - 목재와 돌과 같은 천연 소재 사용
 - 밝고 중성적인 색상 사용
 - 많은 자연 채광 활용
 - 욕조와 같은 유기적인 모양 사용
 - 실내 식물 추가"
자연 소재를 활용하여 욕실 인테리어에 어떻게 포근한 분위기를 조성할 수 있을까요?,"자연 소재를 활용하여 욕실 인테리어에 포근한 분위기를 조성하기 위해 우드 톤의 목재 바닥재나 벽재, 자연 돌을 사용할 수 있습니다. 또한 식물을 배치하여 자연의 느낌을 강조하고, 자연광을 적극적으로 활용하여 밝고 따뜻한 분위기를 조성할 수 있습니다. 마지막으로는 자연 소재로 만들어진 따뜻한 조명을 활용하여 공간을 따뜻하게 빛내어 분위기를 완성할 수 있습니다."
반려동물을 위한 인테리어적으로 적합한 바닥재는 어떤 것이 있나요?,"반려동물을 위한 인테리어적으로 적합한 바닥재로는 비닐 바닥재나 타일이 좋습니다. 비닐 바닥재는 청소가 쉽고 내구성이 강하며 습기에 강합니다. 또한 발자국 소음을 줄여줍니다. 타일은 흠집이나 수명 문제 없이 쉽게 청소할 수 있으며, 발이 피로하지 않아 편리합니다. 또한 물에 강하고 내구성이 뛰어나 반려동물의 발톱에도 강합니다."
반려동물의 건강에 좋은 바닥재는 무엇인가요?,"반려동물의 건강에 좋은 바닥재로는 비독성이며 안전한 재료인 라미네이트 바닥재나 베릴륨, VOC(휘발성 유기 화합물)를 포함하지 않는 실리콘, 라이노, 라이노텍 등의 고무바닥재가 좋은 선택입니다. 이러한 바닥재는 반려동물의 발이 편안하게 보호되며, 청소 및 유지 보수가 용이하여 건강한 환경을 제공할 수 있습니다."
어떤 종류의 식물을 선택해야 효과적으로 가꾸기 위해서는 실내 조명이 어떤 역할을 하는지 알고 싶어요.,"실내 조명은 실내 식물의 건강과 성장에 필수적입니다. 적절한 조명은 식물이 광합성을 수행하고, 영양소를 흡수하고, 성장하는 데 필요한 에너지를 제공합니다. 또한, 조명은 식물의 외관에도 영향을 미치며, 잎의 색과 크기를 결정하는 데 도움이 됩니다."
효과적인 가꾸기를 위해 어떤 종류의 조명을 사용해야 하는지 알려주세요.,효과적인 가꾸기를 위해 적절한 종류의 조명으로는 자연광을 최대한 활용하는 것이 중요합니다. 식물이 자라는데 필요한 햇빛을 보충하기 위해 햇빛을 모방한 LED 식물 조명을 사용할 수 있습니다. 또한 식물의 성장 단계와 종류에 따라 다양한 스펙트럼의 조명을 조절하여 적절한 광조건을 제공하는 것이 중요합니다.
어떤 인테리어 스타일에 가장 어울리는 도배재료는 무엇이라고 생각하시나요? 왜 그런 소재가 인기가 있는 것이라고 생각하시나요?,"각 인테리어 스타일에는 적합한 도배재료가 있습니다. 전통적인 스타일에는 목재 도배재가 잘 어울리며, 그의 찬란한 아름다움과 자연적인 따뜻함이 인기를 끕니다. 현대적인 스타일에는 유리나 금속 도배재가 많이 사용되는데, 그들의 깔끔한 디자인과 현대적인 느낌 때문에 선호됩니다. 종합적으로, 각 스타일에 적합한 도배재를 선택하는 것은 그 스타일의 특성과 아름다움을 강조하는 데에 도움이 됩니다."
어떤 인테리어 스타일에 가장 어울리는 도배재료는 무엇이라고 생각하시나요? 그 소재를 선택하는데 가장 중요한 요소는 무엇이라고 생각하시나요?,"어떤 인테리어 스타일에 가장 어울리는 도배재료는 스타일에 따라 달라집니다. 전통적인 분위기를 선호하는 경우에는 자연석이나 대리석과 같은 자연재료가 어울리며, 현대적이고 깔끔한 분위기를 선호하는 경우에는 유리나 메탈 타일과 같은 현대적인 재료가 적합할 것입니다. 소재를 선택할 때 가장 중요한 요소는 해당 인테리어 스타일과의 조화와 장식적인 효과를 고려하는 것입니다."
인테리어: 집을 꾸밀 때 풍수지리를 고려할 때 어떤 점에 주의해야 할까요?,"인테리어를 꾸밀 때 풍수지리를 고려할 때 주의할 점은 주로 방의 배치와 가구의 위치를 포함합니다. 풍수지리에 따라 방의 입구나 창문의 위치, 가구의 배치 등이 중요하게 작용할 수 있습니다. 또한 풍수지리에 따라 색상이나 장식품의 선택에도 영향을 줄 수 있습니다. 이를 통해 집 안의 에너지 흐름을 최적화하고 주거 공간을 조화롭게 조성할 수 있습니다."
인테리어: 풍수지리를 고려하여 집을 꾸밀 때 어떤 색상이 좋은 영향을 줄까요?,"풍수지리를 고려하여 집을 꾸밀 때는 조화롭고 안정적인 분위기를 조성할 수 있는 색상을 선택하는 것이 중요합니다. 일반적으로 자연의 요소를 상징하는 녹색, 감성적이고 안정감을 주는 청색, 희망과 안정을 상징하는 노란색 등이 좋은 영향을 줄 수 있습니다. 또한 집의 방향과 구조에 따라 적절한 색상을 선택하여 집 안의 에너지 흐름을 조절할 수 있습니다."
스탠드 조명을 사용하여 방을 어떻게 더 밝고 아늑하게 만들 수 있을까요?,"스탠드 조명을 사용하여 방을 더 밝고 아늑하게 만들 수 있습니다. 스탠드 조명은 방에 집중적인 빛을 제공하며, 부드러운 조명으로 아늑한 분위기를 연출할 수 있습니다. 여러 개의 스탠드 조명을 사용하여 방의 다른 영역을 강조 표시하거나 분위기를 조성할 수 있습니다."
스탠드 조명을 조절하여 방의 분위기를 어떻게 변화시킬 수 있나요?,"스탠드 조명을 조절하여 방의 분위기를 변화시키려면 먼저 조명의 밝기와 색온도를 조절할 수 있어야 합니다. 밝기를 조절하여 조명의 강도를 조절하고, 색온도를 변경하여 따뜻한 빛이나 차가운 빛을 조절할 수 있습니다. 또한 조명의 방향을 조절하여 특정 영역을 강조하거나 감추어서 공간의 분위기를 조절할 수 있습니다."
인테리어에서 곰팡이와 곰팡이 냄새를 효과적으로 제거하기 위한 가장 효율적인 방법은 무엇인가요?,"인테리어에서 곰팡이와 곰팡이 냄새를 효과적으로 제거하기 위한 가장 효율적인 방법은 산소 발생기나 공기 청정기를 사용하는 것입니다. 곰팡이는 습기가 많은 환경에서 번식하므로, 습기를 제거하고 환기를 통해 공기를 교환하는 것이 중요합니다. 또한 곰팡이 제거제를 사용하여 감염된 표면을 소독하는 것도 효과적입니다. 하지만 가장 중요한 것은 곰팡이 발생의 원인을 제거하고 적절한 환경을 유지하는 것입니다."
인테리어에서 곰팡이와 곰팡이 냄새를 방지하는데 가장 효과적인 방법은 무엇인가요?,인테리어에서 곰팡이와 곰팡이 냄새를 방지하는 가장 효과적인 방법은 청결을 유지하고 환기를 시키는 것입니다. 습기가 있는 곳을 건조하게 유지하고 공기 순환을 유지하여 습기가 쌓이지 않도록 합니다. 또한 곰팡이 예방을 위해 공기청정기를 사용하거나 자연적인 방법으로 식초나 베이킹 소다를 이용하여 청소하는 것이 도움이 될 수 있습니다.
펫테리어를 활용하여 집안을 어떻게 꾸미는 게 좋을까요?,"펫테리어를 활용하여 집안을 꾸미는 좋은 방법은 반려동물을 고려한 디자인을 적용하는 것입니다. 예를 들어, 반려동물 침대나 장난감을 꾸미는 것은 동물들에게 편안한 환경을 제공하고 집안의 미적 감각을 유지할 수 있습니다. 또한 반려동물 용품을 보관할 수 있는 수납 공간을 마련하거나, 반려동물 친화적인 소재를 선택하는 것도 중요합니다. 이렇게 함으로써 집안은 반려동물과 함께 살아가는 가정적인 분위기를 유지할 수 있습니다."
펫테리어를 활용하여 집안 분위기를 어떻게 변화시킬 수 있을까요?,"펫테리어를 활용하여 집안 분위기를 변화시키려면 먼저 펫의 존재를 인테리어에 조화롭게 통합해야 합니다. 예를 들어, 펫 침대나 장난감을 스타일리시하게 디자인된 가구와 조화롭게 배치하거나, 펫의 먹이 그릇과 물 그릇을 아름답게 디자인된 용품으로 교체할 수 있습니다. 또한 식물을 배치하거나 자연 소재를 활용하여 펫 친화적인 분위기를 조성할 수도 있습니다."
새로운 집을 꾸밀 때 팬던트 라이트를 선택하는 데 어떤 요소들을 고려해야 할까요?,"팬던트 조명 선택 시 고려해야 할 요인
 
 * 방의 크기와 높이: 작은 방에는 작고 가벼운 팬던트, 큰 방에는 크고 무거운 팬던트가 적합합니다. 높은 천장에는 드롭 길이가 조정 가능한 팬던트를 사용하세요.
 * 조명 기능: 작업 공간에는 작업 조명을, 휴식 공간에는 분위기 조명을 위한 팬던트를 선택하세요.
 * 스타일과 장식: 팬던트의 스타일은 방의 전반적인 장식과 조화를 이루어야 합니다.
 * 소재와 마감: 소재와 마감은 방의 분위기를 연출합니다. 금속 팬던트는 현대적인 느낌을 주고, 유리 팬던트는 우아함을 더합니다.
 * 조명 방향: 아래쪽 조명을 원한다면 아래쪽으로 향한 팬던트를, 분산 조명을 원한다면 반투명 셰이드가 있는 팬던트를 선택하세요."
팬던트 라이트의 디자인을 선택할 때 주의해야 할 점은 무엇인가요?,"팬던트 라이트의 디자인을 선택할 때 주의해야 할 점으로는 공간의 크기와 높이, 조명의 기능과 목적, 그리고 인테리어 스타일과의 조화가 있습니다. 공간의 크기와 높이에 따라 적절한 크기와 높이의 라이트를 선택하여 공간을 균형있게 조명할 수 있어야 합니다. 또한 조명의 기능과 목적에 따라 작업 조명이나 분위기 조명 등을 고려하여 선택해야 하며, 인테리어 스타일과의 조화를 고려하여 디자인을 선정해야 합니다."
어떤 색상과 패턴의 벽지가 방의 크기에 맞고 어울리는지 고려해야 할까요,"방 크기에 맞는 적합한 벽지 색상과 패턴을 선택하는 데는 다음 사항을 고려해야 합니다.
 
 * 작은 방: 어두운 벽지는 방을 더 작게 보이게 만들 수 있으므로 밝은 색상과 미세한 패턴을 선택하세요.
 * 큰 방: 어두운 색상과 대담한 패턴은 방을 더 친밀하고 아늑하게 만들 수 있습니다.
 * 높은 천장: 수직 줄무늬 또는 대각선 패턴을 사용하여 천장 높이를 강조하세요.
 * 낮은 천장: 수평 줄무늬 또는 작은 패턴을 사용하여 천장 높이를 낮춰 보이게 하세요.
 * 자연광의 양: 자연광이 많이 드는 방은 어두운 색상을 사용할 수 있지만, 자연광이 적은 방은 밝은 색상이 적합합니다.
 
 이러한 고려 사항을 바탕으로 방의 크기와 분위기에 가장 적합한 벽지 색상과 패턴을 선택하세요."
벽지를 선택할 때 고려해야 하는 요소는 무엇인가요?,"벽지를 선택할 때 고려해야 하는 요소로는 공간의 크기와 형태, 인테리어 스타일, 사용 목적 및 주변 환경 등이 있습니다. 공간의 크기와 형태에 맞는 패턴과 색상을 선택하여 공간을 확장하거나 축소할 수 있으며, 인테리어 스타일에 맞는 디자인을 선택하여 분위기를 조성할 수 있습니다. 또한 사용 목적과 주변 환경에 따라 내구성과 세척 용이성을 고려하여 적절한 재질과 특성을 선택해야 합니다."
어떤 방에서든 효과적인 컬러매치를 위해 고려해야 할 것은 무엇인가요?,"색감 선정 시 주변 환경의 색상 구성을 고려해야 합니다. 벽지나 가구의 색상, 천장의 높이, 자연광의 양을 고려하여 색상 간의 조화를 맞춰야 합니다. 또한 개인의 취향과 선호도를 반영하는 색상을 선택하는 것도 중요합니다."
어떤 방에서든 효과적인 컬러매치를 위해 필요한 요소는 무엇인가요?,"어떤 방에서든 효과적인 컬러매치를 위해 필요한 요소로는 컬러의 밝기와 채도, 대비, 그리고 조화가 있습니다. 컬러의 밝기와 채도를 조절하여 공간에 적절한 빛과 생동감을 부여하고, 대비를 조절하여 조화로운 분위기를 조성할 수 있습니다. 또한 각각의 컬러가 서로 어우러지며 조화롭게 조합되도록 주의해야 합니다."
어떤 디자인 요소를 활용하여 복도나 협소한 공간을 시각적으로 확장할 수 있을까요?,"복도나 협소한 공간을 시각적으로 확장하기 위한 디자인 요소:
 
 - 밝은 색상과 조명: 밝은 색상과 충분한 조명은 공간을 넓게 보이게 합니다.
 - 대형 거울: 거울은 공간을 반사하여 시각적으로 확장시켜 줍니다.
 - 직선과 곡선을 조화롭게: 직선과 곡선을 적절히 사용하여 공간에 흐름과 리듬을 부여합니다.
 - 수직선 강조: 수직선을 강조하여 공간을 높게 보이게 합니다.
 - 최소한의 가구: 최소한의 가구와 장식품을 사용하여 공간을 깔끔하고 넓게 유지합니다."
어떤 디자인 요소를 활용하여 작은 거실을 더 넓어 보이게 만들 수 있을까요?,"작은 거실을 더 넓어 보이게 만들기 위해 다양한 디자인 요소를 활용할 수 있습니다. 먼저, 밝고 중립적인 컬러를 사용하여 공간을 확장시킬 수 있습니다. 또한 큰 거울을 활용하여 공간을 확장하고 채광을 반영하도록 배치할 수 있습니다. 가구를 작고 경제적으로 선택하고, 수직적인 수납 공간을 활용하여 바닥 공간을 최대한 확보하는 것도 중요합니다. 마지막으로, 간결하고 개방적인 배치로 공간을 확장할 수 있습니다."
"자연주의적인 스타일을 살려 인테리어를 꾸밀 때, 어떤 색상과 소재를 활용하는 것이 좋을까요?","자연주의적인 스타일을 살린 인테리어를 꾸밀 때에는 자연에서 영감을 받은 색상과 소재를 활용하는 것이 좋습니다. 주로 톤다운된 색감인 베이지, 갈색, 그린 등의 자연스러운 색상을 선택하고, 나무, 돌, 천 등의 자연 소재를 활용합니다. 나무로 만든 가구나 벽판넬, 천으로 만든 커튼 등을 사용하여 자연의 아름다움을 강조하고 편안한 분위기를 조성할 수 있습니다. 이러한 조합은 공간에 자연스러움과 따뜻함을 더해줍니다."
"자연주의적인 스타일을 살려 인테리어를 꾸밀 때, 어떤 자연 소재가 가장 적합한가요?","자연주의적인 스타일을 살려 인테리어를 꾸밀 때, 가장 적합한 자연 소재로는 목재와 돌이 있습니다. 목재는 자연의 따뜻한 느낌을 전달하며, 다양한 종류와 마감으로 다양한 스타일에 어울립니다. 또한 돌은 자연스러운 질감과 특별한 분위기를 제공하여 공간에 자연스러운 아름다움을 더합니다. 이러한 소재들은 자연주의적인 분위기를 강조하고, 공간에 편안하고 조화로운 느낌을 부여합니다."
"반려동물을 함께 살 때, 벽지 색상이나 디자인 중에 반려동물의 털이 눈에 띄지 않는 것이 있나요?","반려동물과 함께 살 때 벽지의 색상이나 디자인 중에는 중성적인 톤의 벽지나 패턴이 적은 벽지를 선택하는 것이 반려동물의 털이 눈에 띄지 않게 도움이 됩니다. 베이지, 회색, 크림 등의 중립적인 색상은 반려동물의 털과 잘 어울리며, 털이 먼지처럼 보이지 않도록 도와줍니다. 또한 너무 어두운 색이나 너무 밝은 색은 털이 더 눈에 띄게 할 수 있으니 주의가 필요합니다."
"반려동물과 함께 살 때, 벽지 색상이나 디자인을 선택할 때 고려해야 할 점은 무엇인가요?","반려동물과 함께 살 때, 벽지 색상이나 디자인을 선택할 때 고려해야 할 점으로는 반려동물의 털 색과 쉬드, 벽지의 내구성과 세척 용이성, 그리고 반려동물의 행동 패턴을 고려할 수 있습니다. 반려동물의 털 색과 쉬드에 따라 벽지의 색상을 선택하여 털이 눈에 띄지 않도록 하거나, 벽지의 내구성과 세척 용이성을 고려하여 반려동물의 놀이나 활동으로 인한 피해를 최소화할 수 있습니다. 또한 반려동물의 행동 패턴에 따라 벽지의 높이와 디자인을 고려하여 피해를 예방할 수 있습니다."
인테리어 디자인을 할 때 감성적으로 조명을 선택하는 방법은 무엇인가요?,"감성적인 조명 선택을 위해 다음 원칙을 따를 수 있습니다.
 
 1. 색 온도: 따뜻한 조명은 편안함과 안락함을, 차가운 조명은 활력과 집중력을 불러일으킵니다.
 2. 조도: 밝은 조명은 활동에 적합하며, 어두운 조명은 분위기와 친밀함을 조성합니다.
 3. 조명 분포: 직접 조명은 특정 작업 영역을 비추고, 간접 조명은 분위기를 조성합니다.
 4. 조명 기구: 조명 기구의 모양, 크기, 소재는 전체 인테리어 디자인에 영향을 미칩니다.
 5. 자연광 활용: 자연광을 최대한 활용하여 에너지 비용을 절약하고 건강한 실내 환경을 조성합니다."
인테리어 디자인에서 조명의 색상은 왜 중요한가요?,"인테리어 디자인에서 조명의 색상은 공간의 분위기와 느낌을 결정짓는 요소 중 하나입니다. 조명의 색상은 공간에 전반적인 색감을 부여하고, 빛의 온도와 명암을 조절하여 공간의 밝기와 따뜻함 또는 차가움을 조절할 수 있습니다. 따라서 조명의 색상 선택은 인테리어 스타일과 분위기를 강조하고, 공간에 특별한 느낌을 부여하는 데 중요한 역할을 합니다."
곰팡이가 있는 집에서도 잘 자라는 방법을 찾기 쉬운 식물은 무엇인가요?,"곰팡이가 있는 집에서도 잘 자라는 식물 중에는 봉숭아, 아로니아, 알로에 베라 등이 있습니다. 이러한 식물들은 공기 중의 습기를 흡수하여 환경을 건조하게 만들어 곰팡이의 번식을 억제하는 효과가 있습니다. 또한 이들은 일반적으로 실내에서 쉽게 키울 수 있는 식물들이므로 관리가 간단하고 건강한 환경을 유지하는 데에 도움이 됩니다."
곰팡이가 번지면서 식물 성장에 영향을 미치는 요인은 무엇인가요?,"곰팡이가 번지면서 식물 성장에 영향을 미치는 주된 요인은 습기와 공기의 순환 부족입니다. 곰팡이는 습기가 많은 환경에서 번식하며, 이러한 환경은 식물의 뿌리에 해로운 영향을 미칠 수 있습니다. 또한 곰팡이가 번지면서 공기의 순환을 저해하여 이산화탄소와 산소의 교환을 방해할 수 있어 식물의 호흡과 광합성에 영향을 줄 수 있습니다. 이는 식물의 성장과 발육에 부정적인 영향을 미칠 수 있습니다."
소파와 어울리는 효과적인 조명은 무엇인가요?,"소파와 어울리는 효과적인 조명으로는 바닥 조명이나 벽면 조명이 좋습니다. 바닥 조명은 소파 주변의 공간을 밝고 부드럽게 조명하여 편안한 분위기를 조성하며, 소파의 디자인을 강조할 수 있습니다. 벽면 조명은 간접 조명을 통해 공간에 깊이와 따뜻함을 더해주고, 소파를 중심으로 공간을 조명하여 포인트 역할을 할 수 있습니다. 이러한 조명은 소파와 함께 공간을 완성시키고 안락함을 더해줍니다."
소파 주변에 어울리는 조명 스타일은 어떤 것이 있나요?,소파 주변에 어울리는 조명 스타일로는 주로 높은 천장과 어울리는 플로어 램프나 아크형 조명이 인기가 있습니다. 이러한 조명은 소파 주변에 부드럽고 포근한 분위기를 조성하면서도 충분한 조명을 제공하여 독서나 대화를 즐길 수 있도록 돕습니다. 또한 간편한 조명 컨트롤이 가능한 스마트 램프나 디밍 기능을 갖춘 조명도 소파 주변에서 유용하게 활용될 수 있습니다.
어떻게 작은 공간을 최대한 활용하여 쾌적한 분위기의 인테리어를 만들 수 있을까요?,"작은 공간을 최대한 활용하여 쾌적한 분위기의 인테리어를 만들기 위해서는 몇 가지 전략을 활용할 수 있습니다. 먼저, 밝고 중립적인 색상을 사용하여 공간을 확장시키고 통풍을 개선합니다. 가구는 다용도로 활용할 수 있는 것을 선택하고 수직 공간을 활용하여 수납 공간을 늘립니다. 또한 거울을 사용하여 공간을 확장시키고 자연광을 최대한 활용합니다. 마지막으로, 간결하고 조화로운 디자인을 유지하여 공간을 깔끔하게 보이도록 합니다. 이러한 전략들을 통해 작은 공간도 효율적으로 활용하고 쾌적한 분위기를 조성할 수 있습니다."
작은 공간에서 쾌적한 분위기를 조성하는 데 가장 중요한 포인트는 무엇인가요?,"작은 공간에서 쾌적한 분위기를 조성하는 가장 중요한 포인트는 공간을 최대한 활용하고 조화롭게 꾸미는 것입니다. 이를 위해 가구와 소품의 배치를 신중하게 고려하여 공간을 확장하고 혼잡하지 않게 만들어야 합니다. 밝고 중립적인 컬러와 자연광을 활용하여 공간을 환한 느낌으로 가득 채우고, 작은 디테일에도 신경을 써야 합니다. 마지막으로, 공간을 정리정돈하고 청결하게 유지하여 편안하고 조화로운 분위기를 조성하는 것이 중요합니다."
"어떠한 종류의 천장 장식품이 인테리어에 사용될 수 있고, 각각의 장식품이 방 안에 어떤 분위기를 만들어 내는지 알고 싶습니다.","다양한 종류의 천장 장식품이 인테리어에 사용될 수 있습니다. 예를 들어, 천장 모르딩은 전통적이고 고급스러운 분위기를 조성하며 공간을 위로 끌어올리는 효과를 줍니다. 천장 패턴이나 페인팅은 창의적이고 현대적인 분위기를 만들어내며 공간에 개성을 부여할 수 있습니다. 빛을 반사하거나 흡수하는 재질로 만들어진 천장 장식품은 조명 효과를 향상시키고 공간에 따뜻함이나 화려함을 더해줍니다. 이러한 천장 장식품은 각자의 스타일과 특징에 따라 방안에 다양한 분위기를 만들어냅니다."
인테리어 디자인에서 천장 장식품이 주는 시각적 효과는 무엇인가요?,"인테리어 디자인에서 천장 장식품은 공간을 더욱 화려하고 우아하게 만들어줍니다. 이는 공간의 높이를 부각시켜주고, 천장과 벽 사이의 공간을 채워주어 공간의 비어 있는 느낌을 줄여줍니다. 또한 천장 장식품은 조명과 함께 사용될 경우 빛을 반사하여 공간을 밝고 환한 느낌으로 만들어줄 수 있습니다. 이러한 효과는 공간의 전체적인 인테리어 분위기를 높여주어 쾌적한 공간을 조성하는 데 도움이 됩니다."
인테리어 디자인에서 실링라이트가 공간에 어떤 영향을 미치는지 설명해주세요.,"실링라이트는 인테리어 디자인에서 중요한 역할을 합니다. 이는 주로 천장에 설치되어 공간 전체를 밝고 균일하게 조명하여 환경을 밝고 쾌적하게 만들어 줍니다. 또한 실링라이트의 디자인과 색상은 공간의 분위기를 조절할 수 있습니다. 따뜻한 색조의 조명은 공간을 아늑하게 만들어주고, 밝고 선명한 조명은 활동적인 분위기를 조성할 수 있습니다. 또한 실링라이트의 위치와 밝기를 조절하여 공간의 높낮이와 크기를 강조할 수도 있습니다. 따라서 실링라이트는 공간의 인테리어 디자인과 분위기를 결정하는 중요한 요소 중 하나입니다."
실링라이트를 활용한 인테리어 디자인의 효과는 무엇인가요?,실링라이트를 활용한 인테리어 디자인은 공간을 밝고 쾌적하게 만들어주는 효과가 있습니다. 이러한 조명은 공간 전체에 균일하게 조명을 제공하여 어둡거나 좁아 보일 수 있는 공간을 밝고 넓어 보이도록 만들어줍니다. 또한 실링라이트는 천장에 부착되기 때문에 공간을 확장시키고 천장을 높아 보이게 만들어줍니다. 이는 공간의 분위기를 환하고 쾌적하게 만들어주어 생활하는 동안 편안한 느낌을 제공합니다.
어떤 디자인 요소를 활용하여 테라스를 아늑하게 꾸밀 수 있을까요?,"테라스를 아늑하게 꾸밀 수 있는 여러 디자인 요소가 있습니다. 예를 들어, 푹신한 야외 가구나 쿠션을 추가하여 편안한 분위기를 조성할 수 있습니다. 현관이나 베란다에 식물이나 화분을 배치하여 자연의 느낌을 더할 수도 있습니다. 조명을 활용하여 분위기를 조절하고, 불빛이 부드럽게 반사되는 조명을 선택하여 아늑함을 더할 수도 있습니다. 또한 테라스 바닥에 우드 데크를 설치하거나 자연석을 깔아 자연스러운 분위기를 조성할 수도 있습니다. 이러한 디자인 요소들을 조합하여 테라스를 아늑하고 편안한 공간으로 만들 수 있습니다."
테라스의 아늑함을 높이기 위해 어떤 소품이나 장식품을 활용할 수 있을까요?,"테라스의 아늑함을 높이기 위해는 식물이나 식물함, 쿠션과 블랭킷과 같은 텍스처 있는 소재의 쿠션 등을 활용할 수 있습니다. 이러한 소품들은 자연스러운 분위기를 조성하고 휴식 공간을 편안하게 만들어줍니다. 또한 조명이나 촛불, 화이어피트와 같은 조명 소품을 활용하여 분위기를 조절하고 아늑한 분위기를 더할 수 있습니다. 이러한 소품들을 조화롭게 배치하면 테라스가 아늑하고 편안한 공간으로 변화할 수 있습니다."
인테리어 카테고리에 맞는 주방 인테리어에 어울리는 새로운 조명 디자인은 무엇일까요?,"주방 인테리어에 어울리는 새로운 조명 디자인으로는 펜던트 라이트가 인기가 있습니다. 이는 다양한 스타일과 디자인으로 제공되며, 주방의 섬이나 테이블 위에 부착하여 공간을 밝고 세련되게 만들어줍니다. 또한 LED 조명을 활용한 언더캐비닛 라이팅도 주방 인테리어에 새로운 디자인을 제공합니다. 이는 주방 카운터 아래에 조명을 설치하여 작업 공간을 밝고 화려하게 만들어줍니다. 이러한 조명은 주방 공간을 더욱 현대적이고 실용적으로 만들어주는데 도움이 됩니다."
주방 인테리어에 적합한 조명 디자인을 선택할 때 고려해야 할 요소는 무엇인가요?,"주방 인테리어에 적합한 조명 디자인을 선택할 때 고려해야 할 요소로는 조명의 밝기와 색온도, 조명의 위치와 형태, 그리고 주방의 기능적 요구사항을 고려해야 합니다. 밝기와 색온도는 조명이 주방 작업을 보조하고 공간을 밝고 환하게 만드는 데 중요하며, 주방의 크기와 형태에 맞게 조명의 위치와 형태를 결정해야 합니다. 또한 주방의 다양한 활동을 고려하여 주방 섬에 펜던트 라이트를 사용하거나 작업대 위에 조명을 설치하는 등 기능적 요구에 맞는 조명을 선택해야 합니다."
욕실 인테리어를 꾸밀 때 샤워 커튼과 바닥 매트의 색상을 어떻게 조합해야 할까요?,"샤워 커튼과 바닥 매트의 색상은 욕실 인테리어에 중요한 역할을 합니다. 일반적으로는 샤워 커튼과 바닥 매트를 조화롭게 조합하여 공간을 조화롭게 만들어야 합니다. 예를 들어, 밝고 중립적인 톤의 샤워 커튼과 바닥 매트는 욕실을 화사하고 깨끗하게 만들어줍니다. 또는 대비를 강조하기 위해 샤워 커튼과 바닥 매트를 대비되는 색상으로 선택하여 욕실의 시각적인 흥미를 높일 수도 있습니다. 중요한 점은 색상이 서로 어우러지며 전체적인 분위기와 스타일에 부합하도록 조화롭게 조합하는 것입니다."
욕실 인테리어를 꾸밀 때 샤워 헤드와 수도꼭지의 디자인을 어떻게 고르는 것이 좋을까요?,"욕실 인테리어를 꾸밀 때 샤워 헤드와 수도꼭지의 디자인을 선택할 때는 주로 디자인과 기능성을 고려해야 합니다. 디자인적으로는 욕실의 전반적인 분위기와 조화롭게 어울리며, 재질과 색상 역시 고려해야 합니다. 기능성면에서는 물 스프레이 패턴, 물의 압력과 온도 조절 등의 기능을 고려해야 하며, 사용자의 편의성과 편안함을 최우선으로 고려해야 합니다. 요즘에는 소비자들이 각인된 디자인과 다양한 기능을 갖춘 제품을 선호하기 때문에, 이러한 측면들을 모두 고려하여 선택하는 것이 바람직합니다."
샹들리에는 무엇이며 어떤 공간에 어울리는가요?,"샹들리에는 다중 분기의 분리된 팔들을 가진 크리스털로 만들어진 형태의 조명 장치입니다. 보통 다이닝 룸, 거실, 혹은 홀웨이 같은 고급스러운 공간에 잘 어울리며, 공간을 화려하게 장식하고 주변을 밝고 아름답게 조명해줍니다. 특히 높은 천장이 있는 공간이나 큰 공간에 설치될 때 더욱 멋진 효과를 줍니다."
샹들리에를 제작하는 데 사용되는 재료는 무엇이며 어떤 스타일에 어울리나요?,"샹들리에를 제작하는 데 사용되는 재료로는 유리, 크리스털, 금속 등이 주로 사용됩니다. 각각의 재료는 다른 분위기와 스타일을 연출하는데 기여합니다. 예를 들어, 크리스털 샹들리에는 고급스러운 분위기를 조성하며 전통적이고 고급스러운 인테리어에 잘 어울립니다. 반면에 금속 재료는 현대적이고 산업적인 느낌을 줄 수 있으며, 유리 재료는 부드럽고 로맨틱한 분위기를 연출할 수 있습니다. 선택할 때는 인테리어의 전반적인 스타일과 분위기를 고려하여 적절한 재료를 선택하는 것이 중요합니다."
어떤 특별한 장식품이나 가구가 다이닝 룸을 고전적으로 꾸밀 수 있는지 알려주세요.,"다이닝 룸을 고전적으로 꾸밀 때 특별한 장식품이나 가구로는 고전적인 차이나 캐비닛을 고려할 수 있습니다. 또한 유럽 양식의 크리스털 샹들리에를 조명으로 사용하거나, 앤틱한 우드 다이닝 테이블과 의자를 선택할 수도 있습니다. 벽면에는 고풍스러운 프레임과 서양식 타페스트리를 걸어 공간을 더욱 우아하게 만들 수 있습니다. 이러한 요소들은 다이닝 룸을 전통적이고 고전적인 분위기로 꾸밀 수 있으며, 고급스러움과 우아함을 더할 수 있습니다."
다이닝 룸을 고전적으로 꾸밀 때 어떤 색상 조합이 좋은가요?,"다이닝 룸을 고전적으로 꾸밀 때는 주로 부드럽고 고급스러운 색상 조합을 활용하는 것이 좋습니다. 대표적으로는 크림, 베이지, 골드, 버건디와 같은 온화한 톤이나, 깊은 녹색, 네이비, 러스틱 브라운과 같은 진한 컬러가 어울립니다. 이러한 색상은 전통적인 분위기를 조성하면서도 고급스럽고 우아한 느낌을 줄 수 있습니다. 또한 우아한 우드 가구나 앤틱한 가구와 함께 조화롭게 어울리는 색상을 선택하는 것이 좋습니다."
"어떤 부분을 기반으로해 인테리어를 선택하나요?
카테고리: 인테리어","인테리어를 선택할 때는 공간의 기능성과 미적 가치, 그리고 주거자의 개인적인 취향을 고려해야 합니다. 먼저 공간의 용도와 기능에 맞게 디자인되어야 하며, 사용자의 편의와 편안함을 고려해야 합니다. 또한 인테리어는 주거자의 개성과 취향을 반영해야 하므로 개인적인 취향과 스타일을 고려하여 선택해야 합니다. 마지막으로 예산과 시간적 제약도 고려해야 하며, 이를 모두 종합적으로 고려하여 적절한 인테리어를 선택해야 합니다."
인테리어 디자인에서 어떤 색상이 공간의 분위기를 어떻게 변화시키나요?,"인테리어 디자인에서 색상은 공간의 분위기를 크게 변화시킵니다. 예를 들어, 밝고 명도 높은 색상은 공간을 활기차고 밝게 만들어주며, 크게 보이게 할 수 있습니다. 반면에 어두운 색상은 공간을 더욱 안정적이고 조용하게 만들어줄 수 있으며, 따뜻한 컬러는 친근하고 포근한 분위기를 조성할 수 있습니다. 또한, 색의 조합에 따라 조화롭고 조화를 이루는 색채는 조화로운 분위기를 조성하고, 대조되는 색상은 활기차고 독특한 분위기를 만들어줍니다. 따라서 적절한 색상 선택은 공간의 분위기를 결정짓는 중요한 요소입니다."
어떤 색상을 사용하여 산업 스타일을 표현할 수 있나요?,"산업 스타일을 나타내는 데 가장 일반적으로 사용되는 색상은 중립적인 톤과 흑백, 그리고 산화된 금속의 색감입니다. 강철, 철, 콘크리트와 같은 산업적인 소재의 색감을 반영하는 회색, 검정, 갈색 등의 중립적인 색조가 많이 사용됩니다. 또한 산업적인 느낌을 강조하기 위해 화이트나 크림과 같은 밝은 색상도 사용될 수 있습니다. 이러한 색상은 산업 스타일의 특징을 강조하면서도 현대적이고 시원한 분위기를 조성합니다."
산업 스타일을 나타내는데 가장 적합한 색상은 무엇인가요?,"산업 스타일을 나타내는 데 가장 적합한 색상은 주로 중립적이고 현실적인 색상입니다. 주로 검은색, 회색, 갈색과 같은 중립적인 톤이 사용되며, 때로는 화이트와 크림과 같은 빛을 반사하는 색상도 사용될 수 있습니다. 이러한 색상은 산업적인 분위기를 강조하고, 공장이나 창고 등의 공간을 연상시키며, 금속 재료와도 잘 어울립니다. 이외에도 산업 스타일의 특징인 금속과 목재의 조합을 강조하기 위해 강렬한 색상이 사용될 수도 있습니다."
새 인테리어 디자인 프로젝트를 진행할 때 예산을 효과적으로 관리하기 위한 필수적인 팁은 무엇인가요?,"새 인테리어 디자인 프로젝트의 예산을 효과적으로 관리하기 위한 중요한 팁은 다음과 같습니다.
 
 1. 목표 설정: 프로젝트의 목표와 우선순위를 명확히 설정하고 예산을 분배합니다. 
 2. 조사와 계획: 시장 조사를 통해 가격을 비교하고, 계획을 세워 비용을 예측합니다. 
 3. 예비비 설정: 예상치 못한 비용을 대비하기 위해 예비비를 설정합니다. 
 4. 재활용과 재사용: 기존의 가구나 소품을 재활용하여 비용을 절감합니다. 
 5. 전문가와 협력: 전문가의 조언을 듣고 협력하여 예산을 효율적으로 사용합니다. 
 6. 유연성 유지: 예산을 조정하거나 우선순위를 재조정하여 프로젝트를 유연하게 관리합니다."
인테리어 디자인 프로젝트에서 예산을 효과적으로 관리하는 데 가장 중요한 전략은 무엇인가요?,"인테리어 디자인 프로젝트에서 예산을 효과적으로 관리하는 데 가장 중요한 전략은 계획과 통제입니다. 먼저 프로젝트 초기에 명확한 예산을 설정하고 우선순위를 정해야 합니다. 그 후에는 비용을 신중하게 추적하고 관리하여 예산을 초과하지 않도록 합니다. 또한 예상치 못한 비용이 발생할 수 있는 요소에 대비하기 위해 여유분을 확보하고, 비용이 예산 내에 들어가지 않을 경우에도 적절한 대처 방안을 마련하는 것이 중요합니다."
어떻게 다양한 조명과 장식품을 활용하여 복도를 더 밝고 환영스럽게 만들 수 있을까요?,"밝고 환영하는 복도를 위해서는 다양한 조명과 장식품이 중요한 역할을 합니다. 첫 번째로, 천연광을 활용하는 것이 중요합니다. 커튼이나 블라인드를 열어 태양빛이 들어오도록 하여 복도가 더 밝아집니다. 인공 조명 역시 필수적입니다. 천장 조명기는 일반적인 조명을 제공하고, 벽등이나 테이블 램프는 포인트 조명을 제공하여 분위기를 조성합니다. 장식품은 복도에 생기와 색감을 더하는 데 도움이 됩니다. 거울은 공간을 더 넓어 보이게 하고, 밝은 색상의 페인트나 월페이퍼는 복도를 더 환하게 만듭니다. 또한, 식물이나 꽃은 생기와 신선함을 더합니다. 이러한 조명과 장식품을 효과적으로 활용하면 복도가 더 밝고 환영스러워집니다."
복도를 밝고 환영스럽게 만들기 위해 어떤 조명 디자인이 가장 효과적일까요?,"복도를 밝고 환영스럽게 만들기 위해 간접 조명이 가장 효과적입니다. 간접 조명은 천장이나 벽면에 조명을 설치하여 조명을 퍼뜨려 부드럽고 고르게 환경을 밝히는 방식으로, 직접 눈에 들어오지 않으면서 공간을 따뜻하게 만들어줍니다. 또한 복도의 양쪽 벽면에 조명을 배치하여 공간을 넓어 보이게 하고, 조명의 색온도와 밝기를 조절하여 쾌적한 분위기를 조성하는 것이 중요합니다."
인테리어 디자인에서 조명을 선택할 때 고려해야 할 중요한 사항은 무엇인가요?,"인테리어 디자인에서 조명을 선택할 때 고려해야 할 중요한 사항은 공간의 용도와 기능, 조명의 목적 및 분위기, 그리고 사용자의 취향과 스타일입니다. 먼저, 공간의 크기와 형태를 고려하여 조명의 밝기와 분포를 결정해야 합니다. 다음으로, 조명의 목적을 고려하여 작업 공간에는 밝은 조명을, 휴식 공간에는 부드러운 조명을 선택합니다. 또한 조명이 조성하는 분위기를 고려하여 조명의 색온도와 디자인을 선택합니다. 마지막으로 사용자의 취향과 스타일을 고려하여 조명의 디자인과 재질을 선택하여 공간에 조화를 더합니다."
인테리어 디자인에서 조명을 선택할 때 주의해야 할 사항은 무엇인가요?,"인테리어 디자인에서 조명을 선택할 때 주의해야 할 사항은 공간의 용도와 분위기에 적합한 조명을 선택하는 것입니다. 먼저 공간의 크기와 형태, 색상, 인테리어 스타일을 고려하여 적절한 조명을 선택해야 합니다. 또한 조명의 목적과 기능을 고려하여 작업 조명, 일반 조명, 분위기 조명 등을 조화롭게 조합하는 것이 중요합니다. 뿐만 아니라 조명의 색온도와 밝기, 방향성을 고려하여 조명의 효과를 극대화하고, 에너지 효율성과 유지 보수성도 고려해야 합니다."
어떤 아이디어로 작은 발코니를 활용하여 아늑한 야외 공간을 만들었나요?,"작은 발코니를 활용하여 아늑한 야외 공간을 만드는 아이디어는 다양합니다. 예를 들어, 작은 가구나 접이식 의자를 사용하여 공간을 활용하고, 화분이나 조명을 활용하여 분위기를 조성할 수 있습니다. 수직 정원을 만들어 식물을 가꾸거나, 커튼을 걸어 프라이버시를 유지할 수도 있습니다. 또한 햇빛을 차단하고 시원함을 유지하기 위해 우산이나 간이 텐트를 설치할 수도 있습니다. 이러한 아이디어들을 조합하여 작은 발코니를 아늑하고 편안한 야외 공간으로 만들 수 있습니다."
작은 발코니를 활용하여 아늑한 야외 공간을 만드는데 사용된 재료는 무엇인가요?,"작은 발코니를 활용하여 아늑한 야외 공간을 만드는 데 사용되는 재료로는 주로 나무나 플라스틱, 인공 잔디, 데크재 등이 사용됩니다. 나무는 자연스러운 분위기를 조성하고, 플라스틱은 내구성이 뛰어나며 유지보수가 쉽습니다. 인공 잔디는 자연스러운 느낌을 주면서도 관리가 쉽고 청결하며, 데크재는 강도가 높고 미끄러짐 방지 기능이 있어 안전하고 편리합니다. 이러한 재료를 조합하여 발코니를 아늑하고 편안한 야외 공간으로 만들 수 있습니다."
인테리어에서 베스트 창 커버링이 무엇일까요?,"인테리어에서 베스트 창 커버링은 각각의 공간과 필요에 맞게 선택되는 것이 중요합니다. 주로 사용되는 베스트 창 커버링은 롤러 블라인드, 버티컬 블라인드, 로맨 셰이드, 우드 블라인드 등이 있습니다. 이들은 각각 장단점이 있으며, 재료, 디자인, 기능 등을 고려하여 선택되어야 합니다. 중요한 것은 창문의 크기와 위치, 방의 용도, 개인 취향 등을 고려하여 최적의 창 커버링을 선택하는 것입니다."
베스트 창 커버링의 장점은 무엇인가요?,"베스트 창 커버링의 장점은 주로 다음과 같습니다. 먼저, 햇빛을 차단하여 내부 공간을 보호하고 온도를 조절할 수 있습니다. 또한 개인 정보를 보호하고 안전성을 높이며, 소음을 줄여 휴식과 집중에 도움을 줍니다. 또한 디자인과 스타일에 맞추어 선택할 수 있어 인테리어에 어울리며, 에너지 효율을 향상시키고 비용을 절감하는데 도움을 줍니다."
어떻게 인테리어 디자인에서 벽면에 예술 작품을 효과적으로 배치할 수 있을까요?,"벽면을 효과적으로 활용해 예술 작품의 아름다움을 최대한 끌어낼 수 있는 방법은 다음과 같습니다.
 
 1. 벽면의 크기와 예술 작품의 크기를 고려하여 적절한 비율을 맞추십시오.
 2. 예술 작품의 주제와 색상을 주변 가구와 조화롭게 조정하십시오.
 3. 예술 작품을 눈높이에 배치하여 시선을 끌게 하십시오.
 4. 여러 개의 작은 예술 작품을 그룹으로 배치하여 시각적 통일감을 주십시오.
 5. 예술 작품을 벽면의 중앙에 배치하여 시각적 균형을 맞추십시오."
인테리어 디자인에서 벽면에 예술 작품을 조명을 활용하여 어떻게 강조할 수 있을까요?,"인테리어 디자인에서 벽면에 예술 작품을 조명을 활용하여 강조하는 방법으로는 간접 조명이 효과적입니다. 간접 조명을 활용하여 작품 주위를 부드럽게 밝히면서도 그림자를 최소화하고 작품의 세부적인 특징을 부각시킬 수 있습니다. 또한 포인트 조명을 사용하여 작품의 중심 부분을 강조하거나 원하는 부분을 강조할 수도 있습니다. 빛의 강도와 색온도를 조절하여 작품에 알맞은 분위기를 조성하고, 조명의 방향과 각도를 조정하여 작품을 더욱 돋보이게 할 수 있습니다."
"인테리어에서 가구 배치를 고려할 때 공간 활용의 핵심은 어떤 것이 있을까요? 예를 들어, 작은 공간이나 큰 공간에서의 가구 배치에 대해 어떤 고려사항이 있을까요?","가구 배치를 고려할 때, 공간 활용의 핵심은 기능성과 조화입니다. 작은 공간에서는 다용도 가구나 접이식 가구를 활용하여 공간을 효율적으로 활용할 수 있습니다. 가구와 가구 사이의 간격을 충분히 확보하여 통행 공간을 확보하고, 수직적인 수납 공간을 활용하여 수납 공간을 최대한 확보합니다. 큰 공간에서는 가구를 그룹화하여 공간을 분할하고, 가구와 공간의 비율을 조절하여 조화로운 분위기를 조성합니다. 또한 가구의 크기와 형태, 색상을 조절하여 공간의 느낌을 조절할 수 있습니다."
"인테리어 디자인에서 가구의 색상 선택은 어떤 중요한 역할을 하나요? 예를 들어, 밝은 색상과 어두운 색상의 가구를 선택할 때 고려해야 할 점은 무엇인가요?","인테리어 디자인에서 가구의 색상 선택은 공간의 분위기와 미적 감각을 결정하는 중요한 역할을 합니다. 예를 들어, 밝은 색상의 가구는 공간을 확장하고 밝고 경쾌한 분위기를 조성할 수 있으나 먼지와 얼룩이 더 잘 보일 수 있습니다. 반면에 어두운 색상의 가구는 고급스럽고 정돈된 분위기를 조성할 수 있으나 공간을 작게 느끼게 할 수 있고, 빛을 흡수하여 밝기를 감소시킬 수 있습니다. 이에 따라 공간의 크기, 조명 상황, 인테리어 스타일 등을 고려하여 가구의 색상을 선택해야 합니다."
어떤 작은 공간이나 미니멀한 공간에서도 효과적인 홈오피스를 만들기 위해서는 어떤 인테리어 요소들을 고려해야 할까요?,"작은 공간이나 미니멀한 홈오피스를 만들기 위해선 몇 가지 요소를 고려해야 합니다. 우선은 기능성을 중시하며, 작고 효율적인 가구를 선택해야 합니다. 다용도 책상이나 접이식 가구를 활용하여 공간을 최대한 활용할 수 있습니다. 조명 역시 중요한데, 자연광을 최대한 활용하고 작은 공간을 밝고 넓어 보이도록 조명을 배치해야 합니다. 수직적인 수납 공간을 활용하여 물건을 깔끔하게 보관할 수도 있습니다. 마지막으로는 색상과 디자인을 신중하게 선택하여 공간을 확장하고 안정감을 주는 것이 중요합니다."
작은 공간이나 미니멀한 홈오피스를 꾸미는 데 가장 중요한 디자인 요소는 무엇인가요?,"작은 공간이나 미니멀한 홈오피스를 꾸미는 데 가장 중요한 디자인 요소는 공간 활용과 기능성입니다. 가구와 수납장치를 신중하게 선택하여 공간을 최대한 활용하고, 미니멀한 디자인으로 과다한 소품을 배제하여 깔끔한 분위기를 유지하는 것이 중요합니다. 또한 자연광을 활용하고 적절한 조명을 선택하여 작은 공간을 밝고 개방적으로 만들어야 합니다. 마지막으로, 개인의 작업 스타일과 선호도를 고려하여 효율적이고 편안한 작업환경을 조성하는 것이 중요합니다."
유럽 전통적인 스타일의 인테리어를 살리기 위해 가구나 장식품 선택 시 어떤 특징을 고려해야 할까요?,"유럽 전통적인 스타일의 인테리어를 살리기 위해선 몇 가지 특징을 고려해야 합니다. 먼저, 가구와 장식품은 고급스러우면서도 우아한 디자인을 선택해야 합니다. 앤티크 가구나 클래식한 패턴이 들어간 직물을 활용하여 전통적인 분위기를 연출할 수 있습니다. 나무나 대리석과 같은 고급스러운 소재를 활용하여 고전적인 느낌을 강조할 수도 있습니다. 또한, 공간에 조명을 배치할 때는 따뜻하고 부드러운 빛을 선호하며, 촛불 등의 디테일한 조명을 활용하여 로맨틱한 분위기를 조성할 수 있습니다."
유럽 전통적인 스타일의 인테리어를 살리기 위해 벽면을 꾸밀 때 주의해야 할 점은 무엇인가요?,유럽 전통적인 스타일의 인테리어를 살리기 위해 벽면을 꾸밀 때 주의해야 할 점은 정확한 비례와 균형을 유지하는 것입니다. 전통적인 유럽 스타일은 대개 대칭적인 디자인과 세부적인 장식물을 강조합니다. 따라서 벽면 장식물이나 패턴을 선택할 때에는 공간의 비례를 유지하고 너무 과장되지 않도록 주의해야 합니다. 또한 전통적인 유럽 스타일은 고풍스러움과 우아함을 강조하므로 고급스럽고 품격 있는 소재를 활용하여 벽면을 꾸며야 합니다.
유럽의 클래식한 디자인을 집 내부에 반영하기 위해 가장 중요한 요소는 무엇일까요?,"유럽의 클래식한 디자인을 집 내부에 반영하기 위해 가장 중요한 요소는 고급스러운 소재와 우아한 디자인입니다. 대리석, 나무, 황동과 같은 고급 소재를 활용하고, 정교한 조각이나 장식을 가미하여 고전적인 분위기를 조성할 수 있습니다. 또한, 전통적인 패턴이나 디자인을 선택하여 클래식하고 역사적인 느낌을 강조할 수 있습니다."
유럽의 클래식한 디자인을 집 내부에 적용할 때 주의해야 할 스타일적인 요소는 무엇인가요?,"유럽의 클래식한 디자인을 집 내부에 적용할 때 주의해야 할 스타일적인 요소는 주로 대규모의 장식과 세련된 모티프를 강조합니다. 고전적인 유럽 디자인은 대개 우아하고 화려한 디테일을 가지며, 대칭과 균형을 중시합니다. 따라서 인테리어 요소를 선택할 때에는 화려한 장식이나 세련된 패턴을 활용하고, 장식적인 가구나 고급스러운 소재를 고려해야 합니다. 또한 클래식한 유럽 스타일은 부드럽고 고급스러운 색상을 선호하므로 이러한 색상 팔레트를 사용하여 내부를 꾸밀 수 있습니다."
어떤 디자인 요소를 사용하여 작은 방의 천장을 더 높아 보이도록 만들 수 있을까요?,"작은 방의 천장을 더 높아 보이도록 만들기 위해 몇 가지 디자인 요소를 활용할 수 있습니다. 첫째, 밝고 중성 톤의 색상을 선택하여 공간을 확장하고 천장을 더 높아 보이게 할 수 있습니다. 두 번째로, 수직적인 패턴이나 스트라이프를 사용하여 시선을 위로 이끌어 공간을 확장하는 효과를 낼 수 있습니다. 마지막으로, 천장에 조명을 설치하여 공간을 밝고 개방적으로 만들어줄 수 있습니다."
작은 방의 천장을 더 높아 보이도록 하는 방법은 무엇이 있을까요?,"작은 방의 천장을 더 높아 보이도록 하는 방법 중 하나는 밝은 색의 벽을 선택하는 것입니다. 밝은 색은 공간을 확장시키고 천장을 높아 보이게 만듭니다. 수직적인 요소를 강조하기 위해 수직 라인이나 스트라이프 패턴의 벽지나 장식을 사용하는 것도 효과적입니다. 또한, 침구나 커튼 등의 가구나 소품은 최대한 낮게 위치시키고, 조명을 천장에 설치하여 공간을 밝고 개방적으로 만들 수 있습니다."
인테리어에서 가구를 선택할 때 가장 중요한 고려해야 할 요소는 무엇인가요?,"가구를 선택할 때 가장 중요한 고려 요인은 사용 목적과 공간 활용입니다. 즉, 해당 가구를 어떤 용도로 사용할지, 공간 내에서 어떻게 활용할지 고려하는 것입니다. 예를 들어, 책을 보관하기 위한 책장을 선택할 때는 책의 크기와 수량을 고려해야 하며, 소파를 선택할 때는 크기와 편안함을 고려해야 합니다. 또한, 공간의 분위기와 스타일과 조화를 이루는지 여부도 고려해야 합니다."
가구를 선택할 때 어떤 스타일을 고려해야 가장 잘 어울리나요?,"가구를 선택할 때는 공간의 스타일과 크기, 기능성을 고려해야 합니다. 현대적이고 간결한 디자인은 많은 공간에서 잘 어울리며, 작은 공간에는 기능성이 뛰어난 조절 가능한 가구가 좋습니다. 전통적인 스타일은 클래식한 공간에 어울리며, 큰 공간에서는 큰 천장과 조화를 이루는 가구가 잘 어울립니다. 공간과 가구 사이의 조화를 고려하여 선택해야 합니다."
인테리어에서 색상 심리학을 활용하는 방법은 무엇인가요?,"색상 심리학은 인테리어에서 감정과 분위기를 조절하는 데 중요합니다. 예를 들어, 차가운 색상은 공간을 더 시원하고 넓어 보이게 하며 진정된 느낌을 줍니다. 따뜻한 색상은 공간을 더 따뜻하고 친근하게 만들어줍니다. 또한 각 색상은 특정 감정과 연관되어 있으며, 이를 고려하여 공간의 분위기를 조절할 수 있습니다. 예를 들어, 파란색은 평화롭고 안정적인 느낌을 주고, 빨간색은 에너지와 열정을 상징합니다."
색상 심리학을 고려하여 인테리어를 디자인할 때 주의해야 할 점은 무엇인가요?,"색상 심리학을 고려할 때 주의할 점은 각 색이 미치는 영향을 이해하는 것입니다. 예를 들어, 빨간색은 활기차고 에너지를 줄 수 있지만 지나치게 사용하면 긴장을 유발할 수 있습니다. 파란색은 평온함을 전달하지만 너무 많이 사용하면 차가움을 느낄 수 있습니다. 따라서 공간의 목적과 사용자의 취향을 고려하여 조화롭고 균형있는 색상을 선택해야 합니다."
반려동물들을 위한 인테리어 디자인에 어떤 것들을 고려해야 할까요?,"반려동물을 위한 인테리어를 고려할 때는 안전과 편의성이 핵심입니다. 안전을 위해 부드럽고 튼튼한 가구 및 소재를 선택하고, 반려동물의 움직임에 맞게 가구 배치와 장식품을 조정해야 합니다. 또한 반려동물 전용 공간을 마련하고 산책로나 털때 등을 위한 편의시설을 고려해야 합니다."
반려동물들을 위한 인테리어 디자인에서 주로 사용되는 색상은 무엇인가요?,"반려동물을 위한 인테리어 디자인에서는 주로 자연스러운 톤의 색상이 선호됩니다. 주로 베이지, 연한 회색, 갈색 등의 색조가 사용되며, 이는 고요하고 안정감 있는 분위기를 조성합니다. 또한, 밝은 색상보다는 진한 톤이 먼지와 발톱 자국 등의 이물질이 눈에 띄지 않도록 도와줍니다."
인테리어 디자인 프로젝트를 시작할 때 고객의 취향과 공간의 활용을 고려하여 어떻게 첫 단계부터 계획을 세워야 하나요?,"인테리어 디자인 프로젝트를 시작할 때 고객의 취향과 공간 활용을 고려하는 것이 중요합니다. 첫 단계에서는 고객과의 커뮤니케이션을 통해 취향과 요구사항을 충분히 파악하고, 공간의 크기와 형태, 기능 등을 고려하여 초기 계획을 수립해야 합니다. 이를 토대로 적합한 디자인 컨셉을 제안하고, 필요한 변경사항을 논의하여 최종 계획을 확정합니다."
인테리어 디자인 프로젝트에서 고객의 취향을 파악하기 위해 어떤 방법을 사용해야 할까요?,"고객의 취향을 이해하는 효과적인 방법은 대화, 설문, 이미지 보드, 스타일 카탈로그 등을 활용하는 것입니다. 이러한 방법을 통해 고객의 욕구를 명확하게 파악하여 프로젝트를 성공적으로 진행할 수 있습니다."
어떻게 하면 작은 주방 공간을 더 효율적으로 활용할 수 있을까요?,"작은 주방 공간을 더 효과적으로 활용하려면 다음과 같은 방법을 고려해 보시기 바랍니다.
 
 * 수직 공간 활용: 벽면 캐비닛, 선반, 벽걸이형 수납장을 활용하여 수직 공간을 최대한 활용하세요.
 * 멀티기능 가구: 접이식 테이블, 숨김 수납장이 있는 의자, 섬 또는 카트를 활용하여 한 가구가 여러 기능을 수행하도록 만드세요.
 * 공간 절약형 가전제품: 작고 효율적인 가전제품을 선택하여 공간을 절약하세요.
 * 간편한 수납: 투명한 용기, 쌓을 수 있는 용기, 구획된 서랍을 사용하여 모든 물건에 쉽게 접근하고 정리하세요.
 * 자연광 활용: 창문을 최대한 활용하여 자연광으로 주방을 비추고 공간감을 넓히세요.
 * 통일된 색상: 밝은 색상과 반사 표면을 사용하여 주방을 더 크고 넓게 보이게 하세요."
작은 주방 공간을 최대한 활용하기 위해 어떤 수납 아이디어가 좋을까요?,"작은 주방 공간을 최대한 활용하기 위해 벽면 수납, 다용도 선반, 슬라이딩 서랍 등이 효과적입니다. 벽면을 활용하여 수납 공간을 확보하고, 다용도 선반을 활용하여 공간을 효율적으로 활용할 수 있습니다. 또한, 슬라이딩 서랍은 주방용품을 쉽게 꺼내고 넣을 수 있어 편리합니다."
"카페 스타일의 인테리어를 연출하려면 공간의 색상과 조명, 가구 배치 등을 어떻게 조합해야 할까요?","공간을 분위기 있고 아늑한 카페처럼 연출하려면 따뜻한 중립색상, 부드럽고 산뜻한 조명, 편안한 가구 배치를 고려해 보세요.
 
 * 색상: 크림색, 베이지색, 갈색과 같은 따뜻한 중립색상을 사용하여 편안하고 친근한 분위기를 조성하세요.
 * 조명: 밝고 자연적인 조명을 최대한 활용하고, 저녁 시간에는 따뜻한 색조의 조명기구로 보완하여 아늑한 분위기를 연출하세요.
 * 가구 배치: 편안한 소파, 안락의자, 작은 테이블을 사용하여 사람들이 편안하게 대화하고 휴식을 취할 수 있는 공간을 만들어 보세요."
카페 분위기를 연출하는 데 가장 중요한 디자인 요소는 무엇인가요?,"카페 분위기를 연출하는 데 가장 중요한 디자인 요소는 조명입니다. 조명은 분위기를 조절하고 공간을 감성적으로 만들어줍니다. 따뜻한 조명은 편안하고 아늑한 분위기를 조성하며, 조명의 색온도와 밝기를 조절하여 고객들이 편안하게 머물 수 있는 환경을 조성할 수 있습니다."
화이트 톤의 모던한 거실에 어울리는 조명은 무엇인가요?,"화이트 톤의 현대적 거실에는 다음과 같은 조명이 잘 어울립니다.
 
 * LED 스트립 조명: 음산하지 않게 조명을 분산하여 편안한 분위기를 연출합니다.
 * 펜던트 조명: 식탁이나 바 카운터 위에 매달려 세련된 터치를 더합니다.
 * 스팟라이트: 예술품이나 특정 영역을 강조하는 데 사용할 수 있습니다.
 * 디머 스위치: 분위기와 필요에 따라 조명의 밝기를 조절할 수 있습니다."
화이트 톤의 모던한 거실에 어울리는 조명은 어떤 스타일이 있나요?,화이트 톤의 모던한 거실에 어울리는 조명으로는 현대적이고 깔끔한 디자인의 LED 천장 조명이나 펜던트 라이트가 적합합니다. 이러한 조명은 공간을 밝고 환하게 만들어주면서도 모던한 분위기를 강조하여 화이트 톤의 거실과 잘 어울립니다.
거실에 어떤 컬러의 커튼이 잘 어울릴까요?,"거실 분위기와 가구 스타일, 조도 등을 고려해야 합니다. 따뜻한 분위기를 원한다면 크림이나 베이지 등의 따뜻한 색상을, 시원한 분위기를 원한다면 블루나 그린 등의 차가운 색상을 선택하세요. 또한, 가구의 색상과 조화를 맞추는 것도 중요합니다. 어두운 색상의 가구에는 밝은 색상의 커튼, 밝은 색상의 가구에는 어두운 색상의 커튼을 선택하면 대비가 생겨 공간에 깊이를 더할 수 있습니다. 조도가 좋은 방에는 어두운 색상의 커튼을 선택하여 햇빛을 차단할 수 있습니다."
거실 분위기를 한층 더 돋보이게 하는 커튼 소재는 무엇인가요?,"거실 분위기를 한층 더 돋보이게 하는 커튼 소재로는 벨벳이나 리넨과 같은 고급 소재가 좋습니다. 벨벳은 부드럽고 고급스러운 느낌을 주며, 빛을 잘 차단하여 안락한 분위기를 조성합니다. 리넨은 자연스러운 질감과 고급스러운 느낌을 줄 뿐만 아니라 통기성이 좋아 가볍고 시원한 분위기를 연출할 수 있습니다. 이러한 소재는 거실에 화려하고 세련된 분위기를 더해줄 수 있습니다."
어떻게 하면 작은 공간을 최대한 활용하여 수납 공간을 늘릴 수 있을까요?,"작은 공간을 최대한 활용하여 수납 공간을 늘리는 몇 가지 팁은 다음과 같습니다. 수직 공간을 활용하고, 다목적 가구를 선택하고, 벽걸이 선반을 설치하고, 침대 아래나 소파 아래와 같은 숨겨진 공간을 활용하는 것입니다. 또한, 소지품을 정리하고, 정기적으로 정리하고, 필요 없는 물건을 버리는 등 단순화하는 것도 중요합니다."
작은 공간을 활용한 수납 공간 디자인에 가장 중요한 점은 무엇인가요?,"작은 공간을 활용한 수납 공간 디자인에서 가장 중요한 점은 공간을 최대한 효율적으로 활용하는 것입니다. 각각의 수납 공간이 잘 조직되고 계획되어야 하며, 다양한 수납 옵션을 고려하여 다용도로 활용할 수 있어야 합니다. 또한 수납 공간이 공간을 매몰시키지 않고 시각적으로 부담스럽지 않도록 디자인되어야 하며, 조명과 색상을 활용하여 공간을 확장시키는 효과를 가져와야 합니다."
아레카 야자를 인테리어에 활용하는 방법은 무엇인가요?,"아레카 야자는 인테리어에 다양한 방법으로 활용할 수 있습니다. 주로 실내 공간에서는 식물로서 그린 인테리어 요소로 사용됩니다. 아레카 야자는 실내 공기를 정화하고 공간을 생동감 있게 만들어주는 역할을 합니다. 대형화되지 않는 다수의 아레카 야자를 배치하여 공간을 자연스럽게 꾸미거나, 포인트로 활용하여 분위기를 연출할 수 있습니다. 잎의 모양과 색상은 인테리어에 자연스러운 아름다움을 더할 수 있습니다."
아레카 야자의 잎을 장식용으로 활용하는 방법은 무엇인가요?,"아레카 야자의 잎을 장식용으로 활용하는 방법 중 하나는 잎을 잘라서 꽃꽂이나 장식용 그림 등에 사용하는 것입니다. 이러한 잎은 자연스러운 느낌을 주고, 실내 공간을 화사하게 만들어줍니다. 또한 아레카 야자 잎을 원형으로 잘라서 물고기나 새 등을 만들어 벽면에 장식하는 것도 인기 있는 방법입니다. 이렇게 하면 실내 공간에 자연스러운 아름다움을 더할 수 있습니다."
인테리어 디자인에서 몰딩을 바닥에서 1미터 높이에 설치하는 것이 왜 고려해야 할까?,"고객의 인테리어 취향과 공간의 활용을 고려하여 첫 단계부터 계획을 세우려면 먼저 고객과의 상담을 통해 선호하는 스타일, 색상, 재료 등을 파악해야 합니다. 공간의 크기와 형태, 기능적 요구사항을 고려하여 인테리어 디자인을 계획하고, 이를 바탕으로 개략적인 레이아웃을 작성합니다. 다양한 옵션을 제시하고 고객의 피드백을 받아들여 최종적인 디자인을 완성합니다. 이후 필요한 자원과 예산을 확인하고 디테일한 계획을 수립하여 프로젝트를 진행합니다."
인테리어 디자인에서 몰딩을 천장과 벽의 결합 부분에 설치하는 것이 왜 중요한가요?,"인테리어 디자인에서 몰딩을 천장과 벽의 결합부에 설치하는 것은 다음과 같은 이유로 중요합니다.
 
 - 실내에 우아하고 정교한 분위기를 더해줍니다.
 - 천장과 벽 사이의 결함이나 불규칙성을 숨겨줍니다.
 - 공간에 구조적 깊이와 차원감을 더해줍니다.
 - 그림 프레임이나 벽걸이와 같은 다른 장식 요소를 위한 배경을 제공합니다."
어떻게 인테리어 디자인을 활용하여 작은 베란다를 야외 라운지 공간으로 변신시킬 수 있을까요?,"작은 베란다를 야외 라운지 공간으로 변신시키려면 먼저 공간을 최대한 활용해야 합니다. 작은 가구와 간단한 디자인의 가볍고 접이식 가구를 선택하여 공간을 확보하고, 베란다 바닥에 부드럽고 편안한 매트를 깔아 휴식 공간을 조성합니다. 수납공간을 활용하여 물건을 정리하고, 화사한 식물이나 조명을 추가하여 분위기를 연출합니다. 작은 공간이지만 기능적이고 아늑한 야외 라운지로 변화시킬 수 있습니다."
작은 베란다를 야외 라운지로 변신시키는 데 필요한 주요 디자인 요소는 무엇인가요?,"작은 베란다를 야외 라운지로 변신시키는 데 필요한 주요 디자인 요소는 다음과 같습니다.
 
 * 가구: 편안하고 날씨에 견디는 가구를 선택하세요.
 * 텍스타일: 방수 소재의 쿠션과 담요를 사용하여 편안함과 스타일을 더하세요.
 * 조명: 분위기를 조성하고 안전성을 높이려면 조명을 추가하세요.
 * 식물: 베란다에 생명력을 더하고 프라이버시를 제공하는 식물을 배치하세요.
 * 액세서리: 베란다의 개성을 더하는 액세서리, 예를 들어 화분, 양초, 투척 베개를 추가하세요."
인테리어: 어떻게 다운라이트를 사용하여 공간을 밝고 조명을 조절할 수 있나요?,"다운라이트는 공간을 밝게 조명하고 분위기를 조성하는 데 널리 사용됩니다. 다음은 다운라이트를 사용하여 조명을 조절하는 방법입니다.
 
 1. 다운라이트 위치: 다운라이트를 공간 전체에 균등하게 배치하면 그림자를 최소화하고 전반적인 밝기를 제공할 수 있습니다.
 2. 조광기 사용: 조광기가 있는 다운라이트를 설치하면 필요에 따라 조명 수준을 조절할 수 있습니다.
 3. 조절 가능한 조명: 색온과 밝기를 조절할 수 있는 다운라이트를 선택하면 공간의 분위기를 바꿀 수 있습니다.
 4. 숨겨진 다운라이트: 숨겨진 다운라이트를 사용하면 공간에 깔끔한 외관을 부여하면서도 밝은 광원을 제공할 수 있습니다.
 
 이러한 방법을 사용하면 다운라이트를 사용하여 공간을 밝게 조명하고 조명을 유연하게 조절하여 원하는 분위기를 조성할 수 있습니다."
인테리어: 다운라이트 설치 시 주의해야 할 점은 무엇인가요?,"인테리어에서 다운라이트를 설치할 때 주의할 점은 빛의 강도와 방향을 조절하여 조명의 균일한 분포를 보장하는 것입니다. 다운라이트를 너무 밝게 설치하면 공간이 너무 밝아지고 눈이 피로할 수 있으며, 너무 어둡게 설치하면 공간이 어둡고 좁아 보일 수 있습니다. 또한 다운라이트의 위치와 각도를 조절하여 의도한 공간을 강조하고 조명의 균일성을 유지해야 합니다. 또한 전기 안전을 위해 전기 코드를 적절하게 관리하고 전기 작업을 전문가에게 맡기는 것도 중요합니다."
"인테리어 디자인을 고려할 때, 유리바닥과 목재바닥의 장단점은 무엇이 있나요?","유리바닥의 장점은 공간을 확장시켜주고 빛을 통과시켜 밝고 개방적인 분위기를 조성합니다. 또한 시각적으로 세련되고 현대적인 느낌을 줍니다. 그러나 유리의 미끄러움과 파손 위험이 있으며, 유지보수가 어렵고 소음이 발생할 수 있습니다. 반면 목재바닥은 따뜻하고 고급스러운 느낌을 줍니다. 내구성이 뛰어나고 소음이 적으며 보수와 수리가 비교적 쉽습니다. 그러나 습기와 수분에 취약하며 퇴색 및 변형이 발생할 수 있습니다."
유리바닥과 목재바닥 중 어떤 것이 인테리어에 더 많은 적합성을 가지고 있나요?,"유리 바닥은 개방감과 투명성을 더하고 공간을 더 넓게 보이게 만드는 반면, 목재 바닥은 따뜻함과 편안함을 더해 자연스러운 질감을 제공합니다. 인테리어 적합성은 개인 취향, 공간 유형, 사용 목적에 따라 달라집니다."
어떻게 하면 오픈 플랜 주방과 거실을 시각적으로 구분할 수 있을까요?,"오픈 플랜 주방과 거실을 시각적으로 구분하기 위해 다양한 방법이 있습니다. 첫째, 색상을 활용하여 각 공간을 구분할 수 있습니다. 벽, 천장, 가구 등에 서로 다른 색상을 사용하여 시선을 유도할 수 있습니다. 둘째, 가구나 가리개를 활용하여 공간을 분리할 수 있습니다. 서랍장, 선반, 카운터 등을 사용하여 주방과 거실 사이를 분리하거나, 가리개를 설치하여 개별적인 공간으로 만들 수 있습니다. 셋째, 조명을 활용하여 각 공간에 조명을 따로 설치하여 분위기를 조절할 수 있습니다. 이를 통해 각 공간의 기능과 분위기를 강조할 수 있습니다."
오픈 플랜 주방과 거실을 시각적으로 구분하는데 가장 효과적인 방법은 무엇인가요?,"오픈 플랜 주방과 거실을 시각적으로 구분하는 효과적인 방법 중 하나는 가구 배치와 색상을 활용하는 것입니다. 서로 다른 가구를 사용하여 공간을 나누거나, 다른 색상의 벽을 칠하여 각 공간을 명확하게 구분할 수 있습니다. 또한 가구나 러그 등의 소품을 사용하여 지역을 정의하고, 천정이나 조명을 활용하여 각 공간을 강조할 수도 있습니다. 이러한 디자인 요소를 조합하여 오픈 플랜 공간에서 기능적이고 시각적으로 구분된 공간을 만들 수 있습니다."
"어떤 종류의 인테리어 소품을 선택할 때, 고려해야 할 원칙은 무엇인가요?","인테리어 소품을 선택할 때 고려해야 할 주요 원칙은 다음과 같습니다.
 
 * 규모와 비율: 소품의 크기가 공간과 조화를 이루는지 확인하세요. 작은 공간에는 작은 소품을, 큰 공간에는 큰 소품을 사용하세요.
 * 색상과 질감: 소품의 색상과 질감이 방의 색상 조합과 조화를 이루는지 확인하세요. 질감 있는 소품은 공간에 깊이와 차원을 더할 수 있습니다.
 * 스타일과 기능: 소품이 방의 전체적 스타일에 부합하는지 확인하세요. 또한 소품이 기능적 목적을 가지고 있는지 확인하세요.
 * 균형과 대칭: 소품을 방 주변에 균형 잡고 대칭적으로 배치하세요. 이렇게 하면 공간에 질서감과 미적 매력이 더해집니다.
 * 개성: 소품을 통해 개성을 표현하세요. 좋아하는 것과 취미를 반영하는 소품을 선택하세요."
"인테리어 소품을 구매할 때, 어떤 디자인 요소를 주의 깊게 살펴야 할까요?","인테리어 소품을 구매할 때 주의해야 할 디자인 요소는 주변 환경과 조화를 이룰 수 있는지 여부입니다. 소품의 색상, 패턴, 그리고 재질은 주변 가구나 벽지와 어울리는지 고려해야 합니다. 또한 공간의 분위기나 주제와 일치하는지 확인하는 것도 중요합니다. 또한 소품의 크기와 비례를 고려하여 공간에 맞는 크기의 소품을 선택하는 것이 중요합니다. 이렇게 함으로써 인테리어 소품이 공간에 조화롭게 어울리고 분위기를 더할 수 있습니다."
어떤 작은 공간에서도 넓어 보이도록 꾸밀 수 있는 인테리어 디자인 팁이 있나요?,"작은 공간에서도 넓어 보이도록 꾸밀 수 있는 몇 가지 디자인 팁이 있습니다. 첫째, 밝고 명도 높은 색상을 사용하여 공간을 확장하는 효과를 낼 수 있습니다. 둘째, 가구를 선택할 때 작고 다용도로 활용할 수 있는 것을 선택하고, 벽면에 부착하여 공간을 확보할 수 있습니다. 셋째, 거울을 사용하여 공간을 확장하는 효과를 줄 수 있습니다. 네째, 수직적인 수납을 활용하여 공간을 최대한 활용할 수 있습니다. 이러한 디자인 요소를 고려하면 작은 공간도 넓어 보일 수 있습니다."
작은 공간에서도 넓어 보이도록 하는 인테리어 디자인에 영향을 미치는 색상은 무엇인가요?,"작은 공간에서 넓어 보이도록 하는 인테리어 디자인에 영향을 미치는 색상은 주로 밝고 명도가 높은 색상입니다. 특히 흰색, 연한 회색, 베이지 등의 색상이 공간을 확장시키고 밝게 만들어줍니다. 이러한 색상은 빛을 잘 반사하여 공간을 활기차게 만들어주며, 벽면이나 가구에 사용되면 공간을 더 넓어 보이게 합니다. 어두운 색상은 공간을 좁아 보이게 할 수 있으므로 최대한 밝고 명도가 높은 색상을 선택하는 것이 좋습니다."
어린이 방을 꾸밀 때 생각해야 할 디자인 요소는 무엇인가요?,"어린이 방을 꾸밀 때 고려해야 할 디자인 요소는 다양합니다. 먼저, 안전성을 최우선으로 고려해야 합니다. 낙하물을 방지하기 위해 안전한 가구와 둥근 모서리를 선택해야 합니다. 또한, 어린이의 호기심과 창의성을 자극하는 색감과 장식을 활용하여 쾌적하고 활기찬 분위기를 조성해야 합니다. 공간을 잘 활용하기 위해 다용도 가구나 수납 시스템을 고려할 수도 있습니다. 마지막으로, 어린이가 자신의 공간을 가지고 스스로의 취향을 반영할 수 있도록 해주는 것이 중요합니다."
어린이 방을 꾸밀 때 중요한 색상 선택 방법은 무엇인가요?,"어린이 방을 꾸밀 때 중요한 색상 선택 방법은 밝고 생동감 넘치는 색상을 선택하는 것입니다. 어린이의 호기심과 창의력을 자극하는 빨강, 노랑, 파랑 등의 웜톤과 쿨톤의 조화로운 색상을 활용합니다. 또한 어린이가 안정감을 느끼고 잠을 잘 수 있도록 조화로운 조명과 함께 사용되어야 합니다. 포근한 분위기를 만들어내는 연한 컬러와 유쾌한 분위기를 연출하는 밝은 컬러를 적절히 조합하여 어린이의 안락함과 창의성을 고려합니다."
어떤 인테리어 스타일을 사용하여 거실을 현대적으로 꾸밀 수 있을까요?,"거실을 현대적으로 꾸밀 때는 주로 미니멀리즘, 모던, 또는 콘템포러리 인테리어 스타일을 활용합니다. 미니멀리즘은 단순하고 깔끔한 디자인으로 공간을 정리하고 간결하게 꾸며 현대적인 느낌을 줍니다. 모던 스타일은 선명한 형태와 기능성을 강조하며 세련된 디자인과 현대적인 가구를 활용합니다. 콘템포러리는 현대적인 요소와 전통적인 요소를 조화롭게 결합하여 감각적이고 세련된 분위기를 조성합니다."
거실을 현대적으로 꾸밀 때 주의해야 할 점은 무엇인가요?,"거실을 현대적으로 꾸밀 때 주의해야 할 점은 깔끔하고 단순한 디자인을 선호하는 것입니다. 현대적인 거실은 미니멀한 스타일과 선명한 선, 기하학적인 형태를 채용하는 것이 중요합니다. 중요한 것은 너무 많은 소품이나 장식품을 배치하지 않고, 공간을 깔끔하게 유지하는 것입니다. 또한 현대적인 거실에서는 중요한 특징적인 가구나 예술 작품을 강조하고, 간결하면서도 기능적인 조명을 선택하는 것이 좋습니다."
인테리어 디자인에서 효과적으로 사용할 수 있는 현대적인 조명 디자인은 어떤 것이 있나요?,"현대적인 조명 디자인으로는 LED 조명, 트랙 조명, 펜던트 조명 등이 효과적입니다. LED 조명은 저전력이면서 밝고 선명한 빛을 내어 공간을 밝고 신선하게 만들어줍니다. 트랙 조명은 유연한 설치가 가능하여 조명의 방향과 강도를 조절하여 다양한 분위기를 연출할 수 있습니다. 펜던트 조명은 고정된 위치에서 수직으로 떨어지는 조명으로 공간에 아름다운 포인트를 제공합니다."
현대적인 조명 디자인을 적용할 때 주의해야 할 점은 무엇인가요?,"현대적인 조명 디자인을 적용할 때는 다음과 같은 점에 유의해야 합니다.
 
 - 균형 잡힌 조명: 방 전체에 균등하게 조명을 분산시켜 어두운 구석이나 눈부신 영역을 방지합니다.
 - 조절 가능성: 다양한 분위기와 활동에 맞게 조명 수준과 색 온도를 조정할 수 있어야 합니다.
 - 미학적 통합: 조명기구는 공간의 전체적인 디자인과 미학적 감성에 조화를 이루어야 합니다.
 - 에너지 효율성: 지속 가능성과 비용 절감을 위해 LED와 같은 에너지 효율적인 조명 옵션을 고려합니다.
 - 기술적 진보: 스마트 조명, 무선 조명 제어 시스템을 활용하여 편리성, 자동화, 맞춤형 조명 경험을 향상시킵니다."
다양한 형태와 크기의 예술 작품을 벽면에 배치하여 공간을 더 독특하고 개성있게 꾸며보려면 어떤 팁이 있을까요?,"벽면에 예술 작품을 배치할 때 독특하고 개성적인 공간을 연출하기 위한 팁:
 
 - 큰 작품 대 소 작품의 조합: 다양한 크기의 작품을 배치하여 시각적 균형과 깊이를 만듭니다.
 - 색상 팔레트 고려: 작품의 색상이 서로 보완적이며 주변 장식과 조화를 이루도록 합니다.
 - 개인적 취향 반영: 자신이 좋아하는 작품과 감성을 자유롭게 표현합니다.
 - 그룹화와 분산: 작품을 그룹화하여 시각적 중심점을 만들거나, 분산하여 공간 전체에 흥미를 더합니다.
 - 벽면에 높낮이 추가: 프레임이 있거나 입체적인 작품을 선택하여 벽면에 텍스처와 차원을 더합니다."
벽면을 장식할 때 주로 사용되는 예술 작품은 무엇인가요?,"벽면을 장식할 때 주로 사용되는 예술 작품은 회화, 사진, 조각 등이 있습니다. 회화는 다양한 스타일과 장르를 포함하여 공간에 색감과 감성을 더해줍니다. 사진은 주로 프레임에 담겨 벽면을 장식하는데 사용되며, 주제와 스타일에 따라 다양한 분위기를 조성할 수 있습니다. 조각은 입체적인 형태로 벽면을 장식하며 공간에 깊이와 차원을 부여합니다."
어떤 소품이나 재료를 사용해서 친환경적이고 지속 가능한 인테리어 디자인을 만들 수 있을까요?,"친환경적이고 지속 가능한 인테리어 디자인을 위해 재활용 가능한 자재와 친환경 소품을 활용할 수 있습니다. 예를 들어, 재활용된 나무나 대나무로 만든 가구, 유기농 원단으로 만든 커튼, 친환경 페인트 등을 활용할 수 있습니다. 또한 자연 광원을 활용하여 인공 조명을 줄이고 태양광 발전을 이용하여 에너지를 공급할 수 있습니다. 이러한 요소들을 조합하여 친환경적이고 지속 가능한 공간을 만들 수 있습니다."
친환경적이고 지속 가능한 인테리어 디자인을 구현하기 위해 어떤 재료나 소품을 활용해야 할까요?,"친환경적이고 지속 가능한 인테리어 디자인을 위해 재활용 가능한 자재와 친환경 소재를 활용해야 합니다. 대표적으로 대나무, 코르크, 리사이클된 나무, 유기농 섬유 등이 친환경적인 선택입니다. 또한 에코 프렌들리 가구와 전구, 에너지 효율적인 조명 시스템 등을 활용하여 에너지 소비를 줄이고 환경을 보호할 수 있습니다."
어떤 색상이 주방을 활기차게 만들기에 가장 적합할까요?,"주방을 활기차게 만들기에 가장 적합한 색상은 따뜻한 빨강, 노랑, 주황색입니다. 이러한 색상은 식욕을 돋우고 에너지 수준을 높이는 것으로 알려져 있습니다."
주방을 활기차게 만들기 위해 가장 적합한 색상은 무엇인가요?,"주방에 활기를 불어넣기 위한 최적의 색상은 햇살 노란색, 주황색 또는 빨간색입니다. 이러한 따뜻한 색상은 에너지를 불어넣고 식욕을 자극하며, 작은 주방을 더 크고 통풍이 잘 되는 것처럼 보이게 만드는 효과가 있습니다."
색상 조합과 조명을 고려하여 인테리어 디자인을 할 때 주의할 점은 무엇인가요?,색채 조합과 조명은 인테리어 디자인에서 분위기와 스타일을 만드는 데 필수 요소입니다. 색상의 심리학적 효과와 조명의 분위기 조성 능력을 고려하여 하모니와 균형을 이루는 조합을 만들어야 합니다. 또한 공간의 용도와 분위기를 고려하여 특정 활동과 감정을 유도하는 색상과 조명을 선택하는 것이 중요합니다.
색상 조합과 조명을 고려하여 인테리어 디자인을 할 때 중요한 팁은 무엇인가요?,"색상 조합의 경우, 색상환을 참고하여 대조색 또는 유사색을 선택하는 것이 좋습니다. 조명의 경우, 조명의 색온도와 배치를 고려하여 분위기를 조절하는 것이 중요합니다."
인테리어 디자인에서 가장 효과적인 조명의 활용 방법은 무엇인가요?,"조명은 실내 분위기를 조성하고 공간 활용도를 높이는 데 필수적입니다. 실내에서 조명을 가장 효과적으로 활용하는 몇 가지 방법은 다음과 같습니다.
 
 * 자연광 활용: 자연광은 공간을 밝고 통풍이 잘 되게 만들 수 있습니다. 천장창과 창문을 설치하여 자연광을 최대한 활용하세요.
 * 다양한 조명 유형 사용: 주변 조명, 작업 조명, 액센트 조명 등 다양한 유형의 조명을 사용하여 공간을 균등하게 비추고 특정 영역을 강조하세요.
 * 조광기 활용: 조광기는 조명의 밝기를 조절하여 다양한 분위기를 연출하는 데 사용할 수 있습니다.
 * 색온 고려: 조명의 색온은 실내 분위기에 영향을 미칩니다. 따뜻한 색온은 편안하고 친근한 분위기를 연출하는 반면, 차가운 색온은 활기차고 집중적인 분위기를 연출합니다.
 * 조명 레이어링: 여러 조명 소스를 함께 사용하여 공간에 깊이와 차원감을 더하세요. 예를 들어, 주변 조명 위에 작업 조명을 추가하거나 액센트 조명으로 특정 특징을 강조하세요."
인테리어 디자인에서 조명의 색상이 공간에 미치는 영향은 무엇인가요?,"실내 인테리어에서 조명의 색상은 공간의 분위기와 인식을 크게 변화시킬 수 있는 강력한 요소입니다. 따뜻한 색조의 조명은 친근하고 아늑한 분위기를 조성하는 반면, 차가운 색조의 조명은 상쾌하고 활기찬 느낌을 줍니다. 적절한 조명 색상을 선택하면 공간의 특정 영역에 주목을 끌거나, 업무에 집중할 수 있는 환경을 만들거나, 단순히 인테리어의 특징을 강조할 수 있습니다. 또한, 조명 색상은 서로 다른 기분이나 행동을 유발하여 인테리어 디자인에 중요한 역할을 합니다."
인테리어: 어떻게 스포트라이트를 사용하여 인테리어를 개선할 수 있나요?,스포트라이트는 인테리어에서 공간을 강조하고 분위기를 조성하는 효과적인 방법입니다. 그림이나 조각품과 같은 특정 물체를 강조하여 초점을 맞출 수 있습니다. 또한 벽이나 천장에 조명을 비춰 공간감을 넓히고 깊이감을 연출할 수 있습니다.
인테리어: 스포트라이트를 활용한 조명은 어떻게 공간의 분위기를 변화시킬 수 있을까요?,"스포트라이트를 활용한 조명은 공간의 특정한 부분을 강조하고 조명의 강도와 방향을 조절하여 분위기를 변화시킬 수 있습니다. 특히 스포트라이트를 특정 가구나 아트워크 위에 조준하면 그것을 중심으로 주변을 어둡게 만들어 독특한 포커싱 효과를 낼 수 있습니다. 또한 스포트라이트를 다양한 각도와 방향으로 설치하여 공간에 깊이와 차원을 부여할 수 있으며, 이는 공간의 분위기를 독특하게 변화시킬 수 있습니다."
어떤 디자인 요소를 사용하여 공간에 현대적인 예술을 통합할 수 있을까요?,"현대적인 예술을 공간에 통합하는 데에는 다양한 디자인 요소가 활용될 수 있습니다. 예를 들어, 추상적인 회화나 조각품을 배치하여 현대적인 분위기를 조성할 수 있습니다. 또한 현대적인 조명 디자인이나 독특한 패턴의 타일, 현대적인 가구 등도 사용할 수 있습니다. 이러한 요소들을 조합하여 공간에 현대적인 예술을 효과적으로 표현할 수 있습니다."
어떤 방법으로 현대적인 예술을 공간에 효과적으로 표현할 수 있을까요?,"현대 미술을 공간에 효과적으로 통합하기 위해 다음과 같은 방법을 고려해 보세요.
 
 * 공간의 규모와 비율을 활용하여 미술품에 시각적 효과를 더하세요.
 * 자연광이나 인공조명으로 작품을 강조하고 분위기를 연출하세요.
 * 작품을 주변 환경과 대비시켜 시각적 관심을 유도하세요.
 * 공간의 흐름과 동선을 활용하여 작품을 탐험할 수 있는 체험을 제공하세요.
 * 미술품과 주변 환경의 색조, 질감, 재료를 조화롭게 맞춰서 통합성을 강화하세요."
인테리어 디자인에 있어서 벽면 재료로 페인트와 타일 중 어떤 것을 선호하시나요? 왜 그것을 선호하시는지 이유를 알려주세요.,"인테리어 디자인에서 벽면 재료로 페인트를 선호됩니다. 페인트는 다양한 색상과 마감 옵션을 제공하여 디자인에 유연성을 부여합니다. 또한 비교적 저렴하고 쉽게 사용할 수 있으며, 벽면의 불규칙한 모양이나 크기에 맞게 조정할 수 있습니다. 타일은 강력하고 내구성이 있지만 설치와 유지보수가 비용이 많이 들고 번거롭습니다. 따라서 페인트는 디자인의 다양성과 경제적 효율성을 고려할 때 더 나은 선택입니다."
인테리어 디자인에서 가구 소재로 목재와 금속 중 어떤 것을 선호하시나요? 그 이유는 무엇인가요?,"가구 소재 선택에 있어 목재와 금속은 각자의 장단점이 있습니다.
 
 목재는 따뜻하고 자연스러운 느낌을 주며, 가구에 클래식하고 세련된 분위기를 더할 수 있습니다. 그러나 수축 및 팽창이 일어날 수 있으며, 습기에 약할 수 있습니다.
 
 반면, 금속은 내구성이 뛰어나고 현대적이고 세련된 분위기를 연출할 수 있습니다. 하지만 차갑고 무거운 느낌을 줄 수 있으며, 부식될 가능성이 있습니다.
 
 궁극적으로 최상의 선택은 개인적인 선호도, 가구의 용도, 예산에 따라 달라집니다."
어떤 종류의 식물이 실내 공간에 자연적인 느낌을 불어넣는 데 도움이 될까요?,"실내 공간에 자연스러운 분위기를 더하기 위해서는 대기 정화, 공기 순환 향상, 시각적 매력 제공과 같은 이점을 제공하는 식물을 선택하는 것이 중요합니다. 인기 있는 식물에는 공기 정화에 뛰어난 거미식물, 뱀 식물, 평화 릴리가 있습니다. 또한, 공기를 맑게 하고 습도를 높이는 황금 포토스와 공기를 순환시키는 대나무 야자수는 실내 공간에 활력을 불어넣는 데 도움이 됩니다. 실내 공간에 녹색을 더하고 화려한 색상을 선사하는 다육식물과 관엽식물도 인기 있는 선택입니다."
실내 공간을 화사하게 만들어주는 식물은 어떤 것이 있을까요?,"환경에 따라 다르지만, 일반적으로 인테리어에 사용되는 식물으로는 공기정화 효과가 뛰어난 녹색 식물이 있습니다. 대표적으로 공기를 정화해주는 데 효과적인 식물로는 아로마티카, 스파티필름, 아이비, 스네이크 플랜트 등이 있습니다. 이러한 식물들은 공간을 화사하게 만들어주고 동시에 공기를 청정하게 유지하는 데 도움이 됩니다."
"현대적이고 세련된 느낌을 주는 인테리어 디자인을 선택할 때, 어떤 색상과 소품을 활용해야 할까요?","현대적이고 세련된 느낌을 주는 인테리어 디자인을 위해 중립한 색상과 간결한 소품을 활용하는 것이 좋습니다. 회색, 베이지, 화이트 같은 중립한 톤은 모던한 분위기를 조성하면서 공간을 시원하고 깔끔하게 보이게 합니다. 간결하면서도 기능적인 가구와 소품을 선택하여 불필요한 장식을 배제하고 깔끔한 라인과 현대적인 감각을 강조할 수 있습니다. 예를 들어, 간결한 형태의 모던 가구, 간결한 조명, 선명한 라인의 아트워크 등을 활용할 수 있습니다."
"인테리어 디자인에서 고급스러움을 강조하고 싶을 때, 어떤 색상과 소품을 선택해야 할까요?","고급스러움을 강조하기 위해 인테리어 디자인에는 주로 진한 색상과 고급 소재를 활용합니다. 대표적으로는 진한 네이비 블루, 버건디, 그레이지와 같은 색감이 사용됩니다. 또한 화려하고 품격 있는 장식품이나 고급스러운 질감의 직물을 선택하여 인테리어를 완성합니다. 예를 들어, 황금이나 은 같은 금속 소재의 소품, 유리나 크리스털 장식품 등이 이에 해당합니다. 이러한 요소들은 고급스러운 분위기를 조성하는 데 도움이 됩니다."
인테리어에서 조명을 선택할 때 고려해야 할 중요한 요소는 무엇인가요?,"조명을 선택할 때는 공간의 기능, 분위기, 스타일을 고려해야 합니다. 또한 자연광과의 조화, 에너지 효율성도 중요한 요소입니다. 조명기구의 디자인과 크기도 공간에 미치는 영향이 크므로 주의 깊게 선택해야 합니다."
조명을 선택할 때 고려해야 하는 요소 중에서 가장 중요한 것은 무엇인가요?,"조명을 선택할 때 고려해야 하는 가장 중요한 요소는 공간의 용도와 분위기입니다. 각각의 공간이나 활동에 따라 필요한 조명의 종류와 밝기가 다르기 때문에 이를 고려해야 합니다. 또한 조명의 색온도와 조명 방향도 중요한데, 이는 공간의 분위기를 결정하는 요소 중 하나입니다. 마지막으로 에너지 효율성과 조명의 비용 역시 중요한 고려 사항입니다."
"모노크롬 디자인을 활용하여 공간을 꾸밀 때, 과도한 단조로움을 피하기 위해 어떤 색상이나 패턴을 활용해야 할까요?","모노크롬 디자인을 활용할 때, 과도한 단조로움을 피하기 위해 강조된 패턴이나 서로 다른 질감을 활용할 수 있습니다. 예를 들어, 흑백 색상 패턴을 사용하면 모노크롬 테마를 유지하면서도 시각적인 흥미를 더할 수 있습니다. 또한, 서로 다른 소재의 가구나 장식품을 조합하여 공간에 동적인 요소를 추가할 수 있습니다. 이를 통해 모노크롬 디자인을 보다 풍부하고 다양하게 만들 수 있습니다."
"모노크롬 디자인을 활용하여 공간을 꾸밀 때, 조화롭고 풍성한 느낌을 주기 위해 어떤 색상이나 소품을 활용해야 할까요?","모노크롬 디자인을 활용하여 공간을 꾸밀 때, 조화롭고 풍성한 느낌을 주기 위해 강조색을 활용할 수 있습니다. 예를 들어, 흰색 벽면에 검은 색상의 가구나 소품을 배치하면 명암 대비가 뚜렷해지면서 공간에 깊이감을 줄 수 있습니다. 또한 무광의 텍스처와 따뜻한 목재 소재를 활용하여 공간에 풍성한 느낌을 더할 수 있습니다."
"어떤 유형의 가구나 수납장을 사용하는 것이 효과적인가요?
인테리어 디자인을 향상시키면서 공간을 최대로 활용하는 방법은 무엇인가요?
인테리어에서 숨겨진 수납공간을 만드는 방법은 무엇인가요?
공간을 활용하면서 동시에 시각적으로도 매력적인 수납아이템은 무엇인가요?","가구나 수납장을 선택할 때에는 공간을 최대한 활용할 수 있는 다용도형 디자인을 선호합니다. 예를 들어, 베드 프레임에 수납공간을 더하는 침대나 벽면을 활용하여 숨겨진 수납공간을 만들 수 있는 책장 등이 효과적입니다. 또한, 서랍 형태의 수납장이나 옷장 내부에 활용할 수 있는 슬라이딩 바구니 등이 공간을 활용하면서도 시각적으로 매력적인 수납아이템입니다. 이렇게 다양한 아이템을 활용하여 숨겨진 수납공간을 만들면 인테리어 디자인을 향상시키면서 공간을 최대로 활용할 수 있습니다."
가구나 수납장을 선택할 때 고려해야 하는 요소는 무엇인가요?,"가구나 수납장을 선택할 때 고려해야 하는 요소는 크기, 기능성, 스타일, 재료 등이 있습니다. 먼저 공간에 맞는 크기를 고려하여 적절한 크기의 가구를 선택해야 합니다. 기능성은 사용 목적에 맞는 다양한 수납 공간과 기능이 갖춰져 있는지를 확인해야 합니다. 또한 공간의 전반적인 스타일과 조화되는 디자인을 고르는 것이 중요하며, 재료는 내구성과 시각적인 아름다움을 고려하여 선택해야 합니다."
한국의 전통적인 디자인을 집 내부에 반영하려면 어떤 구체적인 방법이 있을까요?,"한국의 전통적인 디자인을 집 내부에 반영하기 위해서는 몇 가지 구체적인 방법이 있습니다. 예를 들어, 한국의 전통적인 가구나 소품을 활용하여 내부를 장식하거나, 한국 전통문양이나 패턴을 활용한 장식품을 배치할 수 있습니다. 또한, 한국의 전통적인 색감을 활용하여 벽지나 가구를 선택하거나, 한옥의 건축 양식을 모티브로 한 현대적인 건축 요소를 도입하는 등의 방법을 통해 전통적인 디자인을 집 내부에 반영할 수 있습니다."
한국의 전통적인 음식을 현대적인 방식으로 변형하여 즐길 수 있는 방법은 무엇인가요?,"한국 전통음식을 현대적으로 재해석해 즐기는 방법은 다양합니다. 예를 들어, 한식의 대표적인 요리인 김밥을 서양식 샐러드와 결합한 '김밥샐러드'나, 떡볶이를 파스타 소스로 변형한 '떡볶이파스타' 등이 인기 있습니다. 또한, 전통적인 재료를 현대적인 요리법으로 재구성하는 것도 좋은 방법입니다. 예를 들어, 전통적인 약재인 인삼을 퓨레나 에센스로 추출해 디저트나 음료에 활용하는 방법이 있습니다."
어떤 색상이 공간을 따뜻하게 만들고 기분을 좋게 만들 수 있는가요?,"주로 따뜻한 색상인 붉은색, 주황색, 황갈색 등이 공간을 따뜻하게 만들고 기분을 좋게 할 수 있습니다. 이러한 색상은 따뜻한 빛을 내며, 공간에 포근한 느낌을 줍니다. 특히 붉은색은 에너지를 높여주고 활기찬 분위기를 조성하는 데 도움이 됩니다. 주황색은 활력을 더하고 밝은 분위기를 연출하는 데 효과적이며, 황갈색은 자연스러운 따뜻함을 느끼게 합니다. 이러한 색상을 활용하여 공간을 꾸미면 보다 따뜻하고 쾌적한 분위기를 조성할 수 있습니다."
어떤 디자인 요소가 공간을 따뜻하고 환영받는 분위기로 만들 수 있나요?,"공간을 따뜻하고 환영받는 분위기로 만드는 디자인 요소에는 부드러운 조명, 자연적인 색감, 텍스처가 포함됩니다. 부드러운 조명은 간접 조명이나 따뜻한 조명을 선택하여 공간에 부드러운 분위기를 불어넣을 수 있습니다. 자연적인 색감은 따뜻한 색조를 활용하거나 나무, 벽돌 등의 자연적인 재료를 사용하여 자연스러운 분위기를 조성할 수 있습니다. 또한 텍스처는 부드러운 질감의 카펫, 쿠션, 패브릭 등을 활용하여 공간에 포근한 느낌을 부여할 수 있습니다."
침실을 아늑하게 꾸밀 때 중요한 포인트는 무엇인가요?,"침실을 아늑하게 꾸밀 때 중요한 포인트는 조명, 색상, 텍스처, 그리고 가구 배치입니다. 부드러운 조명과 포근한 색감은 편안한 분위기를 조성하며, 텍스처와 따뜻한 소재는 공간에 풍부한 감성을 더합니다. 가구는 공간을 조화롭게 연출하고 편안한 분위기를 만들어주는 역할을 합니다. 이러한 포인트들을 고려하여 침실을 아늑하고 편안한 공간으로 꾸며보세요."
침실 인테리어에서 주로 사용되는 색상은 어떤 것들이 있나요?,"침실 인테리어에서 주로 사용되는 색상으로는 부드러운 중립색인 베이지, 화이트, 그레이가 일반적입니다. 또한 차분하고 안정감을 주는 파스텔 톤의 컬러도 인기가 있습니다. 이러한 색상들은 휴식과 안정을 주는 효과가 있어 침실에서 편안한 분위기를 조성하는 데 적합합니다."
어떤 종류의 식물이 인테리어 공간에서 공기를 정화하는데 가장 효과적인가요?,"인테리어 공간에서 공기를 정화하는 데 가장 효과적인 식물 중 하나는 녹색 식물입니다. 특히, 공기 중 유해 물질을 흡수하는 데 탁월한 녹색 식물은 아로나 페리카, 스파티필럼, 재파니카, 드라세나, 곤돌라, 그리고 폴리페룸 등이 있습니다. 이러한 식물들은 공기를 정화하고 인테리어에 자연스러운 아름다움을 더할 수 있습니다."
인테리어 공간에서 공기를 정화하는데 가장 효과적인 식물은 무엇인가요?,"인테리어 공간에서 공기를 정화하는데 효과적인 식물로는 아로마틱 허브인 민트나 로즈마리, 공기 정화 효과가 뛰어난 스파티필럼, 녹나무, 공기 중 독성 물질을 흡수하는 데 효과적인 벤자민 픽스 등이 있습니다. 이러한 식물들은 인테리어 공간에 자연스러운 아름다움을 더하면서 동시에 공기를 정화하여 건강한 환경을 조성합니다."
어떤 어떻게 인테리어 디자인 요소를 사용하여 복도나 입구를 환영적으로 꾸밀 수 있을까요?,복도나 현관을 환영하는 느낌으로 꾸미려면 다양한 인테리어 디자인 요소를 활용할 수 있습니다. 우선 따뜻하고 환영하는 분위기를 조성하려면 살짝 밝은 색상이나 패턴으로 벽을 칠하거나 벽지를 붙이는 것이 좋습니다. 또한 조명은 공간의 분위기를 설정하는 데 중요한 역할을 하므로 자연광을 최대한 활용하고 하루 종일 밝게 유지하기 위해 램프나 조명 기구를 설치하세요.
어떤 방식으로 인테리어 디자인을 활용하여 침실을 편안하고 안락한 공간으로 만들 수 있을까요?,"침실의 편안함과 안락함을 높이기 위해 인테리어 디자인을 활용하는 방법은 다음과 같습니다.
 
 * 색감 선택: 차분하고 따뜻한 색상(예: 크림색, 베이지색, 라벤더색)은 편안한 분위기를 조성합니다.
 * 조명: 자연광을 최대한 활용하고, 따뜻하고 부드러운 인공 조명을 추가하여 편안한 분위기를 만듭니다.
 * 소재: 벨벳, 플러시, 리넨과 같은 부드럽고 편안한 소재를 선택하여 안락함을 향상시킵니다.
 * 가구 배치: 침대를 방 중앙에 두고 주변에 휴식 공간을 만드세요. 편안한 안락의자, 오토만, 쿠션을 추가합니다.
 * 액세서리: 양초, 아로마 디퓨저, 부드러운 담요와 같은 액세서리는 편안한 분위기를 연출합니다."
중키친을 디자인할 때 무엇을 고려해야 하나요?,"중키친을 디자인할 때 고려해야 할 점은 공간 활용과 기능성입니다. 중키친은 주방과 식당을 통합하므로 요리하면서 손님과 소통할 수 있어야 합니다. 따라서 작업공간과 편의시설을 배치할 때 효율성을 고려해야 합니다. 또한 수납 공간과 청결을 유지하기 위한 장치를 포함하여 실용성을 강조해야 합니다. 적절한 조명과 재료 선택도 중요하며, 디자인은 주거환경과 조화되어야 합니다."
중키친의 디자인이 요리 경험에 미치는 영향은 무엇인가요?,"중키친의 디자인은 요리 경험에 중대한 영향을 미칩니다. 효율적인 작업 삼각형과 충분한 작업 공간은 조리 과정을 원활하게 만들며, 잘 구성된 수납 시스템은 주방 운영을 향상시킵니다. 또한, 적절한 조명과 환기 시스템은 작업 편의성과 편안한 분위기를 조성하여 요리 경험을 향상시킵니다."
2023년의 인테리어 디자인에서 가장 인기 있는 색상 조합은 무엇인가요?,"2023년의 인테리어 디자인에서 가장 인기 있는 색상 조합은 자연에서 영감을 받은 톤과 밝고 생기 넘치는 컬러를 혼합한 조합입니다. 예를 들어, 새틴 그린과 웜 너트릭스, 브리트리쉬 포도 등의 컬러가 인기를 끌었습니다. 이러한 색상은 공간에 생명과 에너지를 불어넣어주며, 집안을 따뜻하고 환영받는 곳으로 만들어줍니다."
2023년의 인테리어 디자인에서 주목받는 색상 트렌드는 무엇인가요?,"2023년의 인테리어 디자인에서 주목받는 색상 트렌드는 다양한 색조가 함께 혼합되는 풍부한 팔레트입니다. 특히, 자연에서 영감을 받은 따뜻하고 톤다운된 컬러가 인기를 끌고 있습니다. 녹색, 베이지, 토양색, 그리고 소프트한 블루 톤이 많이 사용되며, 이들은 안정감과 조화로운 분위기를 조성합니다."
어떤 색상을 조합할 때 고려해야 할 중요한 요소는 무엇인가요?,"색상을 조합할 때 고려해야 할 중요한 요소 중 하나는 색의 대비와 조화입니다. 대비는 색상 사이의 명도나 채도의 차이를 의미하며, 적절한 대비는 시각적인 흥미를 불러일으키고 공간을 활기차게 만듭니다. 또한 색의 조화는 서로 다른 색상이 조화롭게 어우러지는 것을 의미하며, 조화롭게 조합된 색상은 공간에 평화로움과 균형을 부여합니다."
어떤 색상을 조합할 때 주의해야 할 핵심적인 측면은 무엇인가요?,"색상을 조합할 때 주의해야 할 핵심적인 측면은 대비와 균형입니다. 대비는 색상 간의 명암 차이를 의미하며, 적절한 대비를 통해 시각적인 흥미를 높일 수 있습니다. 또한, 색상 간의 균형을 유지하여 공간이 조화롭고 안정감 있게 보이도록 해야 합니다. 색감의 밝기와 채도도 조절하여 조화로운 조합을 이루는 것이 중요합니다."
어떤 인테리어 스타일을 선택해야 휴식과 안정감을 주는 공간을 만들 수 있을까요?,"자연을 반영한 유기적인 라인, 따뜻한 중성 톤과 같은 요소를 통합하는 자연주의적 스타일을 고려해 보세요. 편안한 텍스처, 부드러운 조명, 공간감을 만드는 넓은 창문을 통해 휴식과 안정감을 자아낼 수 있습니다."
어떤 인테리어 스타일을 선택해야 창의성을 높이고 영감을 주는 공간을 만들 수 있을까요?,"공간에 자연 채광을 최대한 활용하고, 대담한 색상과 패턴을 사용하면 영감을 자극하는 창의적인 공간을 만드는 데 도움이 됩니다. 또한, 편안하고 기능적인 가구와 식물을 추가하면 공간에 생명력과 활력을 불어넣을 수 있습니다."
어떻게 적은 공간을 활용하여 집 안에 작은 오피스를 만들 수 있을까요?,작은 공간을 활용하여 집 안에 작은 오피스를 만드는 방법 중 하나는 다용도 가구를 활용하는 것입니다. 벽면에 부착된 접이식 책상이나 수납 공간이 있는 가구를 선택하여 공간을 효율적으로 활용할 수 있습니다. 또한 벽면을 활용하여 서랍이나 책상을 부착하거나 수납 공간을 만들어 공간을 확장할 수 있습니다. 이러한 설계 요소들은 작은 공간에서도 효율적인 작업 공간을 조성하는 데 도움이 됩니다.
질문: 작은 공간을 활용하여 집 안에 소형 욕실을 설치하는데 가장 효율적인 방법은 무엇인가요?,"작은 공간을 활용하여 소형 욕실을 설치하는 가장 효율적인 방법은 다음과 같습니다. 먼저, 공간을 최대한 활용하기 위해 벽면을 활용한 수납장이나 선반을 설치합니다. 또한, 컴팩트한 욕실 가구를 선택하고 모서리를 활용하여 공간을 최적화합니다. 샤워부스나 코너 욕조를 설치하여 공간을 절약하고, 유리벽이나 거울을 활용하여 시야를 확보하여 더 넓은 느낌을 줍니다. 마지막으로, 조명을 잘 조절하여 공간을 밝고 넓어 보이게 만듭니다."
인테리어 디자인을 고려할 때 가구 배치의 중요성은 무엇인가요?,"가구 배치는 공간의 기능성, 미적 매력, 주민의 삶의 질에 중대한 영향을 미칩니다. 적절한 가구 배치를 통해 공간 흐름을 최적화하고, 기능 영역을 정의하고, 시각적 균형을 조성할 수 있습니다. 또한, 가구 배치는 자연 채광을 활용하고, 시선을 유도하며, 편안하고 따뜻한 분위기를 조성하는 데 사용될 수 있습니다."
인테리어 디자인에서 가구의 색상 선택은 왜 중요한가요?,"가구의 색상 선택은 인테리어 디자인에서 중요합니다. 올바른 색상은 공간의 분위기와 느낌을 결정하고 시각적인 흐름을 조절합니다. 색상은 공간을 확장하거나 축소시키며, 조명과 함께 조화롭고 통일된 분위기를 조성합니다. 또한, 색상은 사용자의 감정과 기분에 영향을 줄 수 있으며, 공간을 더 편안하고 안락하게 만듭니다. 따라서 적절한 색상 선택은 공간의 전체적인 디자인에 큰 영향을 미칩니다."
주방 인테리어에 어울리는 현대적이고 밝은 LED 조명은 어떤 것이 있을까요?,"주방 인테리어에 어울리는 현대적이고 밝은 LED 조명에는 다음이 있습니다.
 
 * 리세스 조명: 천장에 매립되어 조명을 일관되고 산만하지 않게 분산시킵니다.
 * 펜던트 조명: 작업 공간 위에 매달려 집중 조명을 제공합니다.
 * 트랙 조명: 레일을 따라 이동할 수 있으므로 조명을 유연하게 조정할 수 있습니다.
 * 언더 캐비닛 조명: 캐비닛 아래에 설치하여 작업 표면을 밝힙니다.
 * 벽걸이 조명: 벽에 장착되어 주방에 분위기를 연출하고 밝기를 보완합니다."
주방 인테리어에 적합한 LED 조명을 선택할 때 주의해야 할 점은 무엇인가요?,"주방 인테리어에 적합한 LED 조명을 선택할 때 주의해야 할 점은 다음과 같습니다.
 
 * 밝기: 조명이 충분히 밝아야 작업 공간을 잘 볼 수 있어야 합니다.
 * 색온도: 색온도가 너무 따뜻하거나 너무 차갑지 않은 중간 정도를 선택하는 것이 좋습니다.
 * 조명 분포: 조명이 골고루 분포되도록 여러 개의 조명기구를 사용하는 것이 좋습니다.
 * 조광 기능: 작업이나 분위기에 따라 조명의 밝기를 조절할 수 있는 조광 기능이 있는 조명기구를 선택하는 것이 좋습니다.
 * 에너지 효율: LED 조명은 일반적으로 에너지 효율이 높지만, 더욱 에너지 효율적인 제품을 선택하는 것이 좋습니다."
"어떤 종류의 가구와 장식품, 그리고 조명을 이용하여 석재 벽을 갖춘 공간을 잘 꾸밀 수 있을까요?","질감과 색채가 풍부한 가구를 선택하세요. 석재벽의 질감과 대비되며, 공간에 생기를 불어넣을 것입니다. 편안한 좌석, 따뜻한 담요, 아늑한 베개를 활용하여 공간을 더욱 편안하게 만드세요. 공간을 밝게 비추려면 따뜻한 색조의 조명을 사용하세요. 조각품, 그림, 식물을 사용하여 공간에 개성을 더하세요."
"석재 벽을 갖춘 공간에서 어떤 가구와 장식품, 그리고 조명을 조화롭게 조합할 수 있을까요?","돌벽이 있는 공간에서는 자연스러운 느낌을 유지하는 것이 중요합니다. 대체로 목재 가구나 철제 소품이 잘 어울리며, 부드러운 조명을 선택하는 것이 좋습니다. 공간의 특성을 살리면서도 조화롭게 어우러지도록 노력해야 합니다."
어떻게 풋라이트를 활용하여 인테리어 디자인을 개선할 수 있을까?,풋라이트를 활용하여 인테리어 디자인을 개선하는 한 가지 방법은 간접 조명을 통해 공간을 조명하는 것입니다. 풋라이트를 바닥이나 벽면에 설치하여 조명의 강도와 방향을 조절할 수 있습니다. 이를 통해 공간에 부드러운 조명을 조성하고 분위기를 조절할 수 있습니다. 또한 풋라이트를 사용하여 특정 부분을 강조하거나 공간을 시각적으로 확장하는 효과를 낼 수 있습니다. 이러한 방법으로 풋라이트를 활용하면 인테리어 디자인을 더욱 효과적으로 개선할 수 있습니다.
풋라이트를 활용하여 실외 공간을 어떻게 더욱 아름답게 꾸밀 수 있을까요?,"실외 공간에 풋라이트를 사용할 때는 조명의 위치와 밝기를 신중히 고려해야 합니다. 경로나 정원의 중요한 요소를 강조하고, 그림자와 빛의 대비를 활용하여 공간에 깊이를 부여할 수 있습니다. 또한, 적절한 색온도와 조명 디자인을 선택하여 분위기를 조절하고 아름다움을 강조할 수 있습니다."
"현대적인 인테리어 디자인에는 어떤 색상, 재질 및 가구 스타일을 활용하는 것이 중요한가요?","현대적인 인테리어 디자인에 적합한 색상, 재질, 가구 스타일은 다음과 같습니다.
 
 색상: 중성색, 흰색, 검정색, 회색, 베이지색
 재질: 콘크리트, 유리, 금속, 목재, 가죽
 가구 스타일: 미니멀리즘, 컨템포러리, 산업적, 스칸디나비아, 미드센추리 모던"
현대적인 인테리어 디자인에서 가구의 역할은 무엇인가요?,"가구는 현대적 인테리어 디자인에서 다양한 기능을 수행하며, 실용성, 미학, 공간 관리에 중요한 요소입니다.
 
 * 실용성: 가구는 앉기, 수납, 식사, 취침과 같은 필수적인 기능을 제공합니다. 디자인은 편안함, 인체공학, 접근성을 고려하여야 합니다.
 
 * 미학: 가구는 공간의 미적 분위기에 상당히 기여합니다. 스타일, 색상, 재료의 선택은 전체 디자인 스키마를 보완하고 시각적 관심을 더해야 합니다.
 
 * 공간 관리: 가구는 공간을 구획하고 흐름을 조절하는 데 사용될 수 있습니다. 예를 들어, 소파는 거실을 두 개의 친밀한 공간으로 나눌 수 있으며, 책꽂이는 방을 정의하면서 수납 공간을 제공할 수 있습니다."
어떻게 효율적으로 작은 다이닝 룸을 현대적으로 꾸밀 수 있을까요?,"작은 식당을 현대적으로 꾸미기 위해서는 다음과 같은 방법을 사용할 수 있습니다.

* 밝은 색상 사용: 흰색, 베이지색, 그레이색과 같은 밝은 색상은 공간을 더 넓고 통풍감 있게 보이게 합니다.

* 다목적 가구 사용: 의자와 테이블이 접히거나 쌓을 수 있는 다목적 가구를 사용하면 필요에 따라 공간을 쉽게 확장하거나 축소할 수 있습니다.

* 수직 공간 활용: 선반, 벽걸이형 캐비닛, 떠 있는 선반을 사용하여 수직 공간을 활용하면 수납 공간을 늘리고 공간을 절약할 수 있습니다.

* 거울 사용: 거울은 공간을 더 크게 보이게 하는 데 도움이 됩니다. 식당에 전략적으로 거울을 배치하면 깊이감이 생깁니다.

* 천연 조명 활용: 창문을 통해 들어오는 천연 조명은 공간을 더 밝고 환하게 만들어줍니다."
작은 다이닝 룸을 현대적으로 꾸밀 때 주의해야 할 점은 무엇인가요?,"작은 다이닝룸을 현대적으로 꾸밀 때 주의해야 할 점은 다음과 같습니다.
 
 - 가구 크기와 배치: 작은 공간을 막히지 않도록 작고 다기능적인 가구를 선택하고 벽을 따라 배치하세요.
 - 밝은 색상 및 조명: 어두운 색상은 공간을 더 작게 보일 수 있습니다. 흰색, 베이지색 또는 회색과 같은 밝은 색상을 사용하고 충분한 자연광과 인공 조명을 확보하세요.
 - 미니멀한 장식: 불필요한 장식품은 공간을 어수선하게 만들 수 있습니다. 대신, 몇 가지 주요 조각에 초점을 맞추세요.
 - 거울 사용: 거울은 공간을 더 넓게 보이게 할 수 있습니다. 벽이나 식탁 위에 거울을 걸어보세요.
 - 공간 최대 활용: 수직 공간을 활용하여 선반이나 벽걸이 캐비닛을 추가하고, 식탁 아래에 수납 공간을 만드세요."
인테리어 디자인에서 벽면에 액자를 걸 때 고려해야 할 새로운 트렌드는 무엇인가요?,"인테리어 디자인의 새로운 트렌드:

- 대형 액자 사용
- 비대칭적 배열
- 빈티지와 현대적 프레임의 믹스 앤 매치
- 식물과 함께 액자 조성
- 맞춤형 프레임 사용

Q: 인테리어 디자인에서 벽면에 액자를 걸 때 고려해야 할 새로운 트렌드는 무엇인가요?

A: 대형 액자의 활용, 비대칭적 배열, 빈티지와 현대적 프레임의 믹스 앤 매치, 식물과 함께 액자 조성, 맞춤형 프레임 사용"
인테리어 디자인에서 액자를 선택할 때 주의해야 할 점은 무엇인가요?,"그림 액자를 선택할 때 고려해야 할 요소는 다음과 같습니다.
 
 * 그림 크기와 모양: 액자는 그림보다 약간 크고 너비가 있어야 합니다. 직사각형 그림에는 직사각형 액자가, 원형 그림에는 원형 액자가 잘 어울립니다.
 * 그림 스타일: 고전적인 그림에는 전통적인 액자가 어울리고, 현대적인 그림에는 현대적인 액자가 어울립니다.
 * 방 장식: 액자는 방 장식과 조화를 이루어야 합니다. 중성적인 색상의 액자는 다양한 장식에 어울리고, 대담한 색상의 액자는 공간에 초점을 맞출 수 있습니다.
 * 개인 취향: 궁극적으로 가장 중요한 요소는 개인 취향입니다. 자신이 마음에 드는 액자를 선택하세요."
해변 풍으로 공간을 꾸밀 때 사용할 수 있는 가구나 소품들은 무엇이 있을까요?,"해변 풍으로 공간을 꾸미는 가구 및 소품:

* 밝은 색상의 원목 가구(흰색, 베이지색, 회색)
* 자연소재로 만든 가구(라탄, 대나무, 코코넛섬유)
* 터키석색, 코럴색, 바다색과 같은 해변을 연상시키는 색상의 텍스타일
* 해 shells, 산호, 조약돌과 같은 해변에서 모은 장식품
* 크림색, 베이지색, 회색과 같은 중성색의 대형 램프
* 해변 풍 공기를 연출하는 가벼운 커튼
* 대형 거울(공간을 더 넓어 보이게 함)"
해변 풍으로 공간을 꾸밀 때 사용할 수 있는 소품들은 어떤 것들이 있나요?,"해변 풍으로 공간을 꾸밀 때 사용할 수 있는 소품:
 
 * 조개껍질, 모래, 해초와 같은 자연 소재
 * 밝은 파란색, 초록색, 노란색과 같은 해변을 연상시키는 색상
 * 목재, 대나무, 면과 같은 천연 소재
 * 해적, 선원, 난파선과 같은 해변 테마 장식
 * 해변에서 영감을 받은 조명기구, 예: 조개껍질 조명, 해파등
 * 해변에서 찾은 유니크한 물건, 예: 유리병, 부유물, 둥지"
집 안과 밖을 연결시키는데 효과적인 방법은 무엇인가요?,"집 안과 밖을 연결시키는 효과적인 방법은 다음과 같습니다.

* **큰 창문과 문을 설치하십시오.** 이렇게 하면 자연광이 들어오고 외부 공간과의 연결감을 높일 수 있습니다.
* **유리문을 사용하십시오.** 유리문은 실내와 실외를 분리하면서도 연결감을 유지하는 데 도움이 됩니다.
* **데크나 파티오를 설치하십시오.** 데크나 파티오는 실내에서 외부로 나가기 쉽고 편안한 공간을 제공합니다.
* **정원을 조성하십시오.** 정원은 집 주변에 아름다운 환경을 조성하고 실내에서 바라보기에도 좋습니다.

이러한 방법을 사용하면 집 안과 밖을 연결하고 더욱 쾌적한 주거 공간을 만들 수 있습니다."
집 안과 밖을 연결시키는데 가장 효율적인 디자인은 무엇인가요?,"가장 효율적인 집 안과 밖을 연결하는 디자인은 자연스럽고 유기적인 흐름을 만드는 것입니다. 큰 유리창이나 베란다, 파티오 등을 활용하여 실내와 실외를 자연스럽게 연결하고, 장애물 없는 공간을 조성합니다. 또한, 장식적 요소나 식물을 활용하여 조화로운 분위기를 조성하는 것이 중요합니다."
어떤 색상이 방을 밝고 넓게 보이도록 만들어줄까요?,"밝고 넓은 분위기를 연출하려면 흰색, 크림색, 베이지색 등의 밝은 색상을 사용하세요. 이러한 색상은 빛을 반사하여 공간을 더 밝고 크게 보이게 합니다."
어떤 색상이 공간을 아늑하고 포근하게 만들어줄까요?,"아늑하고 포근한 분위기를 조성하기 위해 주로 따뜻한 톤의 색상을 활용합니다. 베이지, 연한 갈색, 노란색과 같은 따뜻한 중성색이나 빨간색과 오렌지색 등의 웜톤이 적합합니다. 이러한 색상은 공간에 따뜻한 느낌을 부여하고, 포근한 분위기를 조성하는 데 도움을 줍니다."
인테리어 디자인을 할 때 벽 색상을 선택하는데 고려해야 할 요소는 무엇인가요?,"색상이 실내에 미치는 심리적, 생리적 영향
조명의 종류와 자연광의 양
공간의 크기와 형태
가구와 장식의 색상 및 스타일
개인의 취향과 선호도"
벽 색상의 선택이 공간 분위기에 미치는 영향은 무엇인가요?,"벽 색상의 선택에 따라 공간의 분위기가 크게 달라집니다.
 
 * 밝은 색상: 공간을 더 넓고 통풍이 잘 되는 느낌으로 만듭니다.
 * 어두운 색상: 공간을 더 친밀하고 편안하게 만들 수 있습니다.
 * 차가운 색상: 공간을 차갑고 상쾌하게 만들 수 있습니다.
 * 따뜻한 색상: 공간을 더 따뜻하고 편안하게 만들 수 있습니다.
 
 색상의 선택은 공간의 용도와 원하는 분위기에 따라 달라집니다."
어떤 종류의 거미식물이 인테리어에 적합한가요?,"적합한 거미식물 종류는 다음과 같습니다.

* 클로로피툼 콤소룸 (Chlorophytum comosum)
* 클로로피툼 마쿠라툼 (Chlorophytum maculatum)"
인테리어에 적합한 거미식물의 특징은 무엇인가요?,"인테리어에 적합한 거미식물은 주로 낮은 빛 조건에서도 잘 자라는 특성을 갖추고 있습니다. 또한 잎이 길고 고개를 숙이는 모습이 독특하며, 식물 자체가 극적으로 퍼져 나가는 모습이 인테리어에 생기를 불어넣어 줍니다. 거미식물은 실내 공간에서도 잘 자라는 강건한 식물로, 효과적인 공기 정화 기능을 갖추고 있어 건강한 환경을 조성하는 데 도움을 줄 수 있습니다."
어떤 색상과 장식을 사용하여 다이닝 룸을 포멀하게 꾸밀 수 있을까요?,"정식적인 식당을 꾸미는 데 사용할 수 있는 색상과 장식:

색상:
- 중성색(흰색, 아이보리, 베이지)
- 따뜻한 색상(빨강, 주황, 노랑)
- 차가운 색상(파랑, 녹색, 보라색)

장식:
- 대형 가구(테이블, 의자, 사이드보드)
- 정교한 조명(샹들리에, 벽등)
- 고급스러운 직물(벨벳, 실크, 새틴)
- 골동품과 예술품
- 식물과 꽃"
다이닝 룸을 포멀하게 꾸밀 때 주로 사용되는 가구는 무엇인가요?,"다이닝 룸을 포멀하게 꾸밀 때에는 대부분의 경우 사각형 또는 원형의 식탁과 이에 맞는 의자가 사용됩니다. 대게는 목재나 금속 소재의 고급스러운 디자인의 식탁과 의자가 선택되며, 식탁 위에는 고급스러운 식기와 유럽식 컷러리 등이 놓이곤 합니다. 또한 조명으로는 크리스털 샹들리에 또는 고급스러운 펜던트 라이트가 선택되곤 합니다."
"인테리어 디자인에서 공간을 미니멀리스트 스타일로 꾸미고 싶을 때, 어떤 색상과 가구 스타일을 활용하는 것이 좋을까요?","인테리어 디자인에서 미니멀리스트 스타일을 구현하려면 축소된 색상 팔레트와 간결한 선을 강조하는 것이 좋습니다. 중성 색상(흰색, 회색, 검정)과 어스톤(베이지, 갈색, 초록)을 선택하여 공간에 평온하고 차분한 분위기를 조성할 수 있습니다. 가구는 기능적이고 형태가 간단한 것을 선택하여 실내에 가벼움과 공간감을 더하세요. 금속이나 유리와 같은 반사 소재를 사용하면 빛을 반사하여 공간을 더 넓어 보이게 할 수 있습니다."
"미니멀리스트 인테리어 디자인을 적용할 때, 어떤 소품과 장식품을 활용하는 것이 좋을까요?","미니멀리스트 인테리어 디자인에서는 기하학적 형태와 자연 소재를 사용한 소품과 장식품이 적합합니다. 예를 들어, 세라믹이나 유리로 만든 간단한 형태의 조각품, 질감 있는 직물로 만든 베개나 커튼, 나무나 돌로 만든 장식 트레이 등이 있습니다."
어떤 친환경적 재료가 인테리어에 사용될 수 있을까요?,"친환경적 인테리어 재료에는 재활용 목재, 대나무, 코르크, 천연 섬유, 저VOC 페인트, LED 조명 등이 있습니다."
인테리어 디자인에서 친환경적인 재료를 활용하는 방법은 무엇인가요?,"환경 친화적인 재료를 인테리어 디자인에 활용하는 방법:
 
 - 천연 소재 사용: 목재, 돌, 대나무와 같은 재생 가능하고 재활용 가능한 천연 소재 활용
 - 재생 및 재활용 소재 활용: 재생 목재, 재활용 플라스틱, 재활용 유리와 같은 재생 및 재활용 소재 사용
 - 지역 조달 소재 활용: 운송 거리를 줄이기 위해 지역에서 조달한 소재 활용
 - 저 VOC (휘발성 유기 화합물) 마감재 선택: 공기 질을 개선하는 저 VOC 페인트, 접착제, 마감재 사용
 - 에너지 효율적 조명 설치: LED 조명과 같은 에너지 효율적인 조명기구 사용"
인테리어 디자인에서 식물을 활용하는데 가장 효과적인 방법은 무엇인가요?,"식물을 실내에 활용하는 가장 효과적인 방법은 공간을 밝게 하거나 생기를 더하는 데 사용하는 것입니다. 또한 공기의 질을 개선하고 스트레스를 줄이는 데에도 도움이 될 수 있습니다. 실내 식물을 사용할 때 가장 중요한 것은 다음과 같습니다.

* 적절한 빛: 식물이 자라는 데 필요한 빛의 양을 확보하십시오.
* 적절한 물: 식물이 너무 많거나 적게 물을 주지 않도록 주의하십시오.
* 적절한 온도: 식물이 번성하기에 이상적인 온도를 유지하십시오.
* 적절한 흙: 식물의 뿌리가 자라기 위한 적절한 흙을 사용하십시오.
* 적절한 크기: 식물이 공간에 적합한 크기인지 확인하십시오.

실내에 식물을 사용하는 또 다른 인기 있는 방법은 공기를 정화하는 데 사용하는 것입니다. 이렇게 하려면 공기를 정화하는 식물을 선택해야 합니다. 가장 효과적인 공기 정화 식물 중 일부는 다음과 같습니다.

* 거미식물
* 뱀 식물
* 황금 포토스
* 평화 백합
* 용의 꼬리
* 중국 상록수"
식물을 활용한 인테리어 디자인에서 어떤 종류의 식물이 가장 인기가 많나요?,"가장 인기 있는 식물 종류는 공기 정화 능력이 뛰어난 피스 리리, 거미식물, 스네이크 플랜트입니다. 이들 식물은 인테리어에 녹음과 생기를 더할 뿐만 아니라 실내 공기 질도 향상시킵니다."
어떻게하면 벽지를 사용하여 공간을 활기차고 시원하게 만들 수 있을까요?,"벽지 활용 시 공간에 활기와 시원함을 더하려면 다음 사항을 고려하세요.

1. 대담한 색상과 패턴 사용: 눈에 띄는 색상과 대담한 패턴은 공간에 에너지와 생기를 불어넣을 수 있습니다.

2. 신선한 색상 팔레트: 흰색, 베이지, 연한 회색과 같은 신선한 색상은 공간을 개방적이고 시원하게 느끼게 할 수 있습니다.

3. 자연 영감 패턴: 잎, 꽃, 물결과 같은 자연에서 영감을 받은 패턴은 공간에 평온함과 안정감을 더할 수 있습니다.

4. 반짝이는 표면: 반짝이는 표면이나 메탈릭 악센트는 공간에 빛과 깊이를 더할 수 있습니다.

5. 텍스처 있는 벽지: 텍스처 있는 벽지는 공간에 차원감과 관심을 더할 수 있습니다."
벽지를 활용하여 인테리어를 더욱 현대적이고 세련된 느낌으로 만들 수 있는 방법은 무엇인가요?,"현대적이고 세련된 인테리어를 연출하기 위한 벽지 활용 방법:
 
 * 대담한 그래픽 패턴과 질감 있는 벽지를 사용하여 시각적 관심을 불러일으키세요.
 * 벽의 특정 부분만 벽지를 사용하여 액센트 효과를 만드세요.
 * 대규모 프린트와 밝은 색상은 공간에 활력을 불어넣는 데 도움이 됩니다.
 * 천연 소재의 벽지를 사용하면 따뜻함과 친근감을 더할 수 있습니다.
 * 금속성 또는 광택 마감을 가진 벽지는 공간에 고급스러움과 근대성을 더할 수 있습니다."
아이 방을 꾸밀 때 인테리어 요소 외에 어떤 아이디어가 도움이 될까요?,"아이 방 인테리어 꾸미기에 도움이 되는 아이디어:

* **공간 활용 최적화:** 수납 공간을 확보하고, 가구를 효율적으로 배치하여 놀이와 공부를 위한 충분한 공간 확보
* **자연광 활용:** 커튼이나 블라인드를 설치하여 자연광을 충분히 확보
* **색상과 패턴:** 아이의 선호도와 성격에 맞는 명랑하고 활기찬 색상과 패턴 사용
* **테마 설정:** 아이의 관심사나 취미를 반영하는 테마 설정
* **창의적인 표현 장려:** 벽면에 아이의 그림이나 작품을 전시할 수 있는 공간 마련
* **안전 확보:** 가구의 모서리를 보호하고, 안전한 장난감과 가구 선택"
아이 방을 꾸밀 때 고려해야 할 요소는 무엇인가요?,"아이 방을 꾸밀 때 고려해야 할 요소로는 안전성, 기능성, 그리고 창의성이 중요합니다. 안전한 가구와 소품 선택, 낙하 방지 조치, 유동적인 공간 활용 등이 필요하며, 기능적인 측면에서는 수납 공간과 공부 공간을 고려해야 합니다. 또한 아이의 취향과 성향을 고려하여 디자인을 선택하고, 창의성을 유발하는 소품이나 장식을 활용하여 아이의 상상력과 발달을 지원해야 합니다."
어떤 인테리어 스타일에 속하는지를 고려하여 소품을 선택해야 합니다. 그리고 공간의 크기와 색상에 맞춰서 소품을 조화롭게 배치하는 것이 중요합니다. 또한 소품의 재질과 질감 역시 인테리어에 영향을 미치므로 신중하게 선택해야 합니다.,"소품은 인테리어 스타일에 맞게 선택해야 하며, 공간의 크기와 색상에 조화롭게 배치해야 합니다. 또한 재질과 질감도 인테리어에 영향을 미치므로 신중하게 선택하는 것이 중요합니다."
어떤 인테리어 스타일을 적용할 때 주의해야 할 점은 무엇인가요?,"어떤 인테리어 스타일을 적용할 때 주의해야 할 점으로는 일관성과 조화가 중요합니다. 각 요소들이 조화롭게 어우러져야 하며, 공간 전체에 일관된 분위기가 유지되어야 합니다. 또한 공간의 크기와 형태, 색상 등을 고려하여 스타일을 선택하고, 공간의 특징을 살리는 것이 중요합니다. 마지막으로, 너무 과장되거나 과도한 장식은 피하고, 실용성과 기능성을 유지하는 것이 필요합니다."
어떤 가구나 소품을 사용하여 주거실을 더 밝고 넓어 보이게 꾸밀 수 있을까요?,"주거실을 더 밝고 넓어 보이게 하려면 다음과 같은 가구나 소품을 사용하는 것을 고려하세요.

- **밝은 색상 또는 반사적인 표면 가구** : 흰색, 베이지색, 파랑과 같이 밝은 색상의 가구는 빛을 반사하여 공간을 더 밝아 보이게 만듭니다. 유리, 금속, 미러와 같은 반사적인 재질도 비슷한 효과가 있습니다.
- **나무 또는 천연 소재 가구** : ไม้ หรือ วัสดุธรรมชาติทำให้อาคารดูอบอุ่นและเชิญชวนมากขึ้น
- **투명한 가구** : 아크릴이나 유리와 같은 투명한 가구는 공간을 가득 채우지 않고 빛을 통과시켜 공간을 더 넓어 보이게 만듭니다.
- **거울** : 거울은 빛을 반사하고 공간에 깊이를 더하여 공간을 더 넓어 보이게 만듭니다.
- **작물** : 식물은 색감과 생기를 더하여 공간을 더 밝고 더 크게 보이게 만듭니다."
어떤 가구나 소품을 사용하여 주거실을 더 아늑하고 포근하게 꾸밀 수 있을까요?,"부드러운 직물, 따뜻한 색상 접목, 패턴 다용, 식물 활용, 빈티지 가구, 편안한 의자, 푹신한 베개, 부드러운 담요, 촛불이나 램프를 사용하여 주거실을 아늑하고 포근하게 만들 수 있습니다."
어떤 디자인 원칙을 따라 복잡한 패턴을 사용하여 개성 있는 인테리어를 만들 수 있을까요?,"**Q:** 복잡한 패턴을 사용하여 개성 있는 인테리어를 만들 때 어떤 디자인 원칙을 따라야 할까요?

**A:**
* 조화와 균형: 다양한 패턴을 사용하지만 전체적인 조화를 유지해야 합니다.
* 규칙과 불규칙: 규칙적인 패턴을 불규칙한 패턴과 혼합하여 시각적 흥미를 더합니다.
* 색상 조합: 대조적인 색상이나 톤을 사용하여 시선을 사로잡습니다.
* 비대칭성: 대칭적인 레이아웃에서 벗어나 독특하고 매력적인 공간을 만듭니다.
* 질감과 패턴: 다양한 질감과 패턴을 사용하여 공간에 깊이와 차원을 더합니다."
개성 있는 인테리어를 구현하기 위해 어떤 색상 조합이 중요한가요?,"색감 선택은 개성 있는 인테리어 구현에 중요합니다. 아래 몇 가지 조합이 개성적인 인테리어를 연출하는 데 도움이 될 수 있습니다.
 
 * 중립색과 밝은 색상의 조합: 베이지나 회색과 같은 중립색에 노란색, 파란색 또는 녹색과 같은 밝은 색상을 결합하면 활기차고 개성적인 모습을 연출할 수 있습니다.
 * 대조적인 색상의 조합: 빨간색과 녹색, 파란색과 주황색과 같은 대조적인 색상을 결합하면 시각적 충격을 주고 인상적인 인테리어를 연출할 수 있습니다.
 * 어두운 색상과 연한 색상의 조합: 네이비 블루나 보라색과 같은 어두운 색상에 크림색이나 흰색과 같은 연한 색상을 결합하면 우아하고 고급스러운 분위기를 연출할 수 있습니다.
 * 무채색의 조합: 회색, 검은색, 흰색과 같은 무채색을 결합하면 세련되고 현대적인 인테리어를 연출할 수 있습니다."
어떤 인테리어 스타일이 복도에 적합한가요?," 복도에 어울리는 인테리어 스타일은 다음과 같습니다.

* **현대적 농가 스타일:** 따뜻한 목재, 흰색 페인트, 자연스러운 섬유를 사용하여 따뜻하고 친밀한 분위기를 조성합니다.
* **스칸디나비아 스타일:** 흰색 페인트, 밝은 목재, 깨끗한 라인을 사용하여 밝고 통풍이 잘 되는 느낌을 줍니다.
* **보헤미안 스타일:** 다양한 패턴, 질감, 색상을 사용하여 개성적이고 아늑한 느낌을 줍니다.
* **산업 스타일:** 노출된 벽돌, 콘크리트, 금속을 사용하여 도시적이고 세련된 느낌을 줍니다.
* **전통 스타일:** 우아한 목재 가구, 정교한 장식품, 부드러운 컬러를 사용하여 고전적이고 우아한 느낌을 줍니다."
복도를 꾸미는 데 가장 중요한 포인트는 무엇인가요?,"복도를 꾸미는 데 가장 중요한 포인트는 기능성과 실용성을 고려하는 것입니다. 복도는 사람과 물건이 움직이는 통로이므로 장애물을 최소화하고 넓고 개방적으로 유지하는 것이 중요합니다. 또한, 실용성을 고려하여 조명, 환기, 보관 공간을 충분히 확보하는 것이 중요합니다."
아이가 있는 집을 위한 안전하고 아름다운 인테리어 디자인에 대해 어떤 아이디어가 있나요?,"아이가 있는 가정을 위한 안전하고 아름다운 인테리어 디자인 아이디어:

* 충격 흡수용 매트나 카펫으로 바닥을 덮으세요.
* 구석과 가장자리를 보호 패드로 덮으세요.
* 도달하기 쉬운 곳에 물건을 보관하세요.
* 전기 콘센트와 플러그를 덮으세요.
* 안전한 가구를 선택하세요.
* 밝고 자연적인 빛이 드는 공간을 만드세요.
* 아이들이 자유롭게 움직일 수 있는 공간을 남기세요.
* 청소가 쉽고 내구성 있는 소재를 사용하세요.
* 아이들의 성장과 발달을 지원하는 상호 작용형 장난감과 책을 제공하세요."
아이가 있는 집을 위한 안전한 인테리어 디자인을 고려할 때 주의해야 할 요소는 무엇인가요?,"아이가 있는 집을 위한 안전한 인테리어 디자인을 고려할 때 주의해야 할 요소로는 날카로운 가구나 소품, 전기적 위험 요소의 위치, 낙하 위험이 있는 높은 장소 등을 고려해야 합니다. 또한 유아가 손상될 수 있는 작은 물건이나 독성 물질은 접근하기 어려운 곳에 보관해야 하며, 가구의 안전성과 안정성도 고려해야 합니다. 최대한 위험을 줄이고 안전한 환경을 조성하는 것이 중요합니다."
어떤 색상이 공간을 더 크게 보이게 만드는가요?,밝은 색상은 어두운 색상보다 공간을 더 크게 보이게 합니다. 이는 밝은 색상이 빛을 반사하여 공간을 더 넓고 통풍이 잘 되는 것처럼 보이게 하기 때문입니다.
공간을 더 작게 보이게 만드는 색상은 무엇인가요?,"공간을 더 작게 보이게 만드는 색상으로는 주로 어두운 색상이 사용됩니다. 특히 검정색, 짙은 갈색, 그리고 네이비 블루와 같은 색감이 공간을 압축적으로 보이게 만들어줍니다. 또한, 채도가 높고 명도가 낮은 색상도 공간을 작게 보이게 만드는 데 효과적입니다."
인테리어 디자인에서 벽을 페인트 하는 것과 타일을 사용하는 것의 장단점은 무엇인가요?,"**벽 페인트 장단점:**

* 장점: 다양한 색상 및 마감 선택, 경제적, 시공 용이
* 단점: 얼룩, 흠집에 취약, 수리를 위해 다시 페인트 필요

**벽 타일 장단점:**

* 장점: 내구성, 얼룩 및 습기 저항성, 청소 용이
* 단점: 설치 비용이 높음, 제거하기 어려움, 특정 디자인에 제한 있음"
인테리어 디자인에서 벽을 페인트 하는 것과 타일을 사용하는 것의 비용 차이는 어떻게 되나요?,인테리어 디자인에서 벽을 페인트하는 것과 타일을 사용하는 것의 비용 차이는 상당히 다를 수 있습니다. 일반적으로 벽을 페인트하는 것이 타일을 사용하는 것보다 비용이 낮을 수 있습니다. 그러나 타일은 더 내구성이 뛰어나며 보다 오랜 시간 사용할 수 있습니다. 따라서 장기적인 관점에서는 초기 비용이 높더라도 타일 사용이 더 경제적일 수 있습니다.
인테리어 디자인에서 가장 인기 있는 조명 종류는 무엇인가요?,"인테리어 디자인에서 가장 인기 있는 조명 종류는 다음과 같습니다.

* 천장 조명
* 벽등
* 스탠딩 램프
* 테이블 램프
* 조명기"
인테리어 디자인에서 가장 많이 활용되는 색상 조합은 무엇인가요?,"가장 많이 활용되는 색상 조합은 따뜻한 중립색과 강조 색상을 결합하는 것입니다. 따뜻한 중립색은 베이지, 크림, 갈색과 같은 색상으로 공간에 아늑함과 편안함을 더합니다. 강조 색상은 빨강, 파란색, 녹색과 같은 더 대담한 색상으로 공간에 생기와 활력을 더합니다. 이러한 조합은 다양한 스타일과 분위기에 잘 어울리므로 인테리어 디자인에서 매우 인기 있습니다."
인테리어에 적합한 조명을 선택하는 데 가장 중요한 요소는 무엇인가요?,인테리어에 적합한 조명을 선택할 때 가장 중요한 요소는 기능입니다. 조명에 대한 모든 다른 결정은 방의 기능적 필요를 충족하도록 이루어져야 합니다.
인테리어 디자인에서 색상 선택의 중요성은 무엇인가요?,"인테리어 디자인에서 색상 선택의 중요성은 다음과 같습니다.
 
 - 분위기 조성: 색상은 공간의 분위기를 크게 좌우합니다. 따뜻한 색상은 편안함과 친근감을 조성하는 반면, 차가운 색상은 차분함과 청량감을 선사합니다.
 - 공간감 조정: 어두운 색상은 공간을 작고 폐쇄적으로 느끼게 만드는 반면, 밝은 색상은 공간을 더 넓고 밝게 보이게 만듭니다.
 - 스타일 표현: 색상은 인테리어의 스타일을 표현하는 데도 중요합니다. 예를 들어, 중립적인 색상은 현대적인 스타일에 자주 사용되고, 밝고 대담한 색상은 보헤미안 스타일에 자주 사용됩니다.
 - 기능성 고려: 색상은 실용적인 목적에도 사용될 수 있습니다. 예를 들어, 주방에서는 식욕을 돋우는 따뜻한 색상을 사용하고, 침실에서는 수면을 돕는 차분한 색상을 사용하는 것이 좋습니다."
어떤 유럽풍 스타일을 사용해서 고급스러운 인테리어를 만들 수 있을까요?,"**궁전풍:** 호화로운 장식, 사치스러운 직물, 넓은 공간이 특징인 유럽식 궁전 스타일은 고급스러운 인테리어를 연출하는 데 적합합니다."
유럽풍 스타일을 적용한 인테리어에서 주로 사용되는 색상은 무엇인가요?,"유럽풍 스타일을 적용한 인테리어에서 주로 사용되는 색상은 부드러운 중성색과 고급스러운 명도의 색감입니다. 베이지, 크림, 올리브 그린, 그리고 연한 회색과 같은 색조가 많이 활용됩니다. 이러한 색상은 공간을 밝고 따뜻하게 만들어주며, 유럽풍의 우아하고 클래식한 분위기를 조성하는 데 도움을 줍니다."
어떤 모던한 주방 디자인을 위해 귀하의 주방 인테리어에 어떤 색상 및 소품을 추천하시겠습니까?,"Q: 어떤 모던한 주방 디자인을 위해 귀하의 주방 인테리어에 어떤 색상 및 소품을 추천하시겠습니까?

A: 현대적인 주방 디자인을 위해서는 다음과 같은 색상과 소품을 권장합니다.

* **색상:** 흰색, 회색, 검정색과 같은 중립적인 색상이 전체적인 공간에 넓고 통풍감 있는 느낌을 줍니다.
* **소품:** 날카로운 선과 청결한 면을 가진 가구와 장식품을 선택하여 미니멀리즘적이고 현대적인 스타일을 연출하세요.
* **소재:** 스테인리스 스틸, 대리석, 유리와 같은 반사성 있는 소재를 사용하여 조명을 반사하고 공간을 더욱 밝고 개방적으로 보이게 합니다."
어떤 모던한 주방 디자인을 위해 귀하의 주방 인테리어에 어떤 조명 및 가구를 추천하시겠습니까?,모던한 주방 디자인을 위해 귀하의 주방 인테리어에는 간결하고 세련된 디자인의 LED 조명이나 스포트라이트가 적합합니다. 이러한 조명은 주방 전체를 밝고 환하게 비출 뿐만 아니라 현대적인 느낌을 강조합니다. 가구로는 간결하면서도 기능적인 디자인의 고급스러운 식탁과 의자를 추천합니다. 또한 스테인리스 스틸이나 유광 표면의 식기장과 카운터톱이 모던한 느낌을 더할 수 있습니다.
"욕실 인테리어 디자인을 업그레이드 하려고 하는데, 샤워 헤드와 수도꼭지를 선택할 때 고려해야 할 요소는 무엇인가요?","샤워 헤드와 수도꼭지를 선택할 때 고려해야 할 요소:

1. 수압: 맞춤형 샤워 경험을 위해 수압에 맞는 헤드 선택
2. 분사 패턴: 개인 취향에 맞게 분사 폭과 강도 조절
3. 마감 처리: 실내 장식 스타일에 맞는 금속 또는 도금 마감 처리
4. 물 절약 기능: 환경 영향 최소화를 위해 물 절약 설계 확인
5. 청소 용이성: 수垢 및 미네랄 堆積물 방지에 도움이 되는 쉽게 청소할 수 있는 기능"
"샤워 헤드와 수도꼭지의 재질에는 어떤 종류가 있고, 각각의 장단점은 무엇인가요?","샤워 헤드와 수도꼭지의 재질에는 주로 금속(스테인리스 스틸, 황동 등), 플라스틱, 그리고 유리가 사용됩니다. 금속은 내구성이 뛰어나고 오랜 시간 사용할 수 있으나 가격이 상대적으로 높고 유지 보수가 필요할 수 있습니다. 플라스틱은 경제적이고 가벼우며 다양한 디자인이 가능하지만 내구성이 낮고 쉽게 파손될 수 있습니다. 유리는 우아한 느낌을 주며 청결하고 투명한 디자인을 선호하는 사람들에게 적합하지만 파손 우려가 있고 수리 비용이 비싸며 표면이 쉽게 얼룩질 수 있습니다."
로맨틱한 분위기를 위해 침실에 어떤 색상과 조명을 활용하는 것이 좋을까요?,"침실에서 로맨틱한 분위기를 조성하려면 부드럽고 따뜻한 색상과 따뜻한 조명을 사용하는 것이 좋습니다. 예를 들어, 연한 분홍색, 라일락색, 크림색, 베이지색은 로맨틱하고 아늑한 분위기를 연출하는 데 도움이 됩니다. 또한 조명은 분위기에 영향을 미치는 중요한 요소입니다. 따뜻한 조명은 침실에 친밀하고 아늑한 분위기를 조성하는 데 도움이 됩니다."
로맨틱한 분위기를 조성하기 위해 식당에서 어떤 색상과 조명을 선택하는 것이 좋을까요?,"로맨틱한 분위기를 조성하기 위해 식당에서는 주로 따뜻하고 부드러운 색상과 조명을 선택하는 것이 좋습니다. 예를 들어, 연한 분홍색, 베이지, 골드와 같은 색감이 로맨틱한 분위기를 부각시키는 데 효과적입니다. 조명은 어두운 조명보다는 부드럽고 따뜻한 조명이 적합하며, 캔들 조명이나 어두운 조명을 조합하여 로맨틱한 분위기를 조성할 수 있습니다."
어떤 색상 및 패턴의 쿠션과 스루를 사용하면 특정 공간을 더 활력 있게 만들 수 있을까요?,"활기찬 분위기를 조성하려면 대담하고 따뜻한 색상의 쿠션을 선택하세요. 밝은 노란색, 빨간색, 주황색이 그 용도에 적합합니다. 대비적인 패턴의 스로우를 추가하면 시각적 흥분을 더할 수 있습니다. 기하학적 모양이나 대담한 그래픽이 있는 스로우를 고려해 보세요."
어떤 색상 및 패턴의 쿠션과 스루를 사용하면 휴식 공간을 더 편안하게 만들 수 있을까요?,"편안한 라운지 공간을 연출하려면 따스하고 중성적인 색감의 쿠션을 선택하는 것이 좋습니다. 베이지, 크림, 연한 회색과 같은 색상은 평화롭고 안정적인 분위기를 조성합니다. 패턴은 미묘하고 톤온톤으로 선택하여 공간에 시각적인 흥미를 더하면서도 정갈함을 유지하세요. 스루는 가벼운 원단을 선택하여 자연광을 투과시키고 통풍감 있게 하세요. 밝은 패턴이나 흐르는 천의 스루는 공간에 움직임과 활기를 더해줍니다."
침실을 현대적으로 꾸미기 위해 추천하시는 인테리어 솔루션은 무엇인가요?,"현대적인 침실 인테리어 솔루션:

- **선명한 선과 각진 모양:** 현대적인 디자인의 특징인 선명한 선과 각진 모양을 사용하여 침실에 질서 정연한 느낌을 줍니다.
- **중립적인 색상:** 흰색, 회색, 베이지와 같은 중립적인 색상은 현대적인 침실에 우아함과 밝은 분위기를 더합니다.
- **천연 소재:** 목재, 돌, 가죽과 같은 천연 소재는 현대적인 침실에 따뜻함과 유기적인 느낌을 불어넣습니다.
- **최소한의 장식:** 현대적인 디자인은 최소한의 장식을 선호합니다. 필요한 가구와 몇 가지 선택된 액세서리로 침실을 깔끔하고 쾌적하게 만듭니다.
- **큰 창문:** 큰 창문은 자연광을 많이 들여와 침실을 더욱 밝고 통풍이 잘 되게 합니다."
침실 인테리어에서 주로 활용되는 컬러 팔레트는 어떤 것이 있나요?,"침실 인테리어에 주로 사용되는 색상 팔레트는 편안하고 차분한 분위기를 조성하는 색상으로 구성됩니다. 이러한 색상에는 중성적인 색상인 베이지, 크림, 그레이, 화이트 등이 포함됩니다. 또한 부드러운 파스텔 색상인 라벤더, 연분홍, 수분색 등이 편안함과 고요함을 더하는 데 사용됩니다. 어두운 색상은 일반적으로 침실에는 피하지만, 네이비 블루나 포레스트 그린과 같이 차분한 색조로 사용될 수 있습니다. 천연 소재에서 영감을 받은 색상인 흙빛이나 녹색계열도 편안함과 평화를 연출하는 데 도움이 됩니다."
어떤 가구나 소품을 활용하여 공간을 미니멀리스트 스타일로 꾸밀 수 있을까요?,"가구: 선이 깔끔하고 모서리가 없는 소파, 의자, 테이블

소품: 세라믹이나 유리 소재의 꽃병, 간결한 형태의 조명기구, 밝은 색상의 쿠션"
미니멀리스트 스타일을 적용할 때 주로 사용되는 색상은 무엇인가요?,"미니멀리스트 스타일을 적용할 때 주로 사용되는 색상은 주로 중성이며, 주로 흰색, 회색, 검정색이 사용됩니다. 이러한 색상은 깔끔하고 단순한 느낌을 강조하며, 공간을 시원하고 현대적으로 보이게 만듭니다. 때로는 살짝의 팝 컬러나 명도가 높은 색조가 사용될 수도 있으나, 전반적으로는 주변 환경과의 조화를 중시하는 톤이 선호됩니다."
벽지를 사용하여 팝 아트 스타일의 공간을 꾸미는 데 가장 중요한 포인트는 무엇일까요?,"Q: 벽지를 사용하여 팝 아트 스타일의 공간을 꾸미는 데 가장 중요한 포인트는 무엇일까요?

A: 팝 아트 스타일의 벽지 사용 시 주요 고려 사항은 대담하고 선명한 색상, 그래픽 패턴, 반복적인 모티브입니다."
팝 아트 스타일의 공간을 꾸미는 데 가장 중요한 포인트는 벽지의 역할이 무엇인가요?,"팝 아트 스타일의 공간을 꾸미는 데 가장 중요한 벽지의 역할은 화려하고 독특한 패턴이나 그래픽 디자인을 갖추는 것입니다. 밝고 생동감 넘치는 색상과 대담한 패턴의 벽지는 팝 아트의 정신을 잘 반영하며 공간에 활력과 캐릭터를 부여합니다. 벽지를 통해 공간의 주목도를 높이고, 개성을 강조하여 팝 아트의 느낌을 극대화할 수 있습니다."
외벽모서리 부위 결로를 방지하기 위해 사용할 수 있는 효과적인 마감재는 무엇인가요?,"외벽모서리 부위 결로를 방지하기 위해 사용할 수 있는 효과적인 마감재로는 실리콘칼슘보드나 씨멘트보드 등의 비흡수성 재료가 적합합니다. 이러한 재료는 외부 환경의 영향을 받지 않고 내구성이 뛰어나며, 습기에 강한 특성을 가지고 있어 결로 발생을 최소화할 수 있습니다. 또한 외벽모서리 부위에 적절한 방수 처리를 함께 해주어야 하며, 외풍 차단을 위한 적절한 절연재도 사용하는 것이 좋습니다."
외벽모서리 부위 결로를 방지하기 위해 사용되는 마감재의 재료는 무엇인가요?,"외벽 모서리 부위의 결로를 방지하기 위해 주로 실리콘, 폴리우레탄, 또는 다양한 종류의 실리콘 기반 밀봉재가 사용됩니다. 이러한 재료들은 외부 환경으로부터의 수분 침입을 막아주고, 외벽의 모서리를 보호하여 결로 형성을 예방합니다."
건축물 외벽에서 결로가 발생하는 가장 일반적인 원인은 무엇인가요?,"건축물 외벽에서 결로가 발생하는 가장 일반적인 원인은 내부 공기의 습도가 높아 외부 공기와 만날 때 이슬점 이하로 떨어져 수증기가 응결되기 때문입니다. 이러한 상황은 다음과 같은 경우에 발생할 수 있습니다.

* 건물 내부의 환기가 부족하여 습한 공기가 제대로 배출되지 않는 경우
* 건물 구조의 단열이 부적절하여 내부 열이 외부로 손실되어 외벽 표면이 차가워지는 경우
* 외부 공기가 매우 춥고 건조하여 내부 공기와의 이슬점 차이가 큰 경우
* 건축 자재의 수분 흡수율이 높아 외부에서 수분이 침투하여 응결되는 경우"
건축물 외벽에서 결로를 방지하는 방법에는 어떤 것들이 있나요?,"건축물 외벽에서 결로를 방지하는 방법에는 외부 마감재의 재료 선택이 중요합니다. 실리콘 기반의 밀봉재나 폴리우레탄 포장재를 사용하여 외부 환경으로부터의 수분 침입을 차단하고, 외벽 특수 도료를 통해 방수 기능을 강화하는 것이 효과적입니다. 또한 건축물 외부의 환기와 배수 시스템을 적절히 설치하여 습기를 제거하는 것도 중요합니다."
현관문 주위에 발생하는 결로를 해결하기 위한 외부 마감재는 어떤 것들이 있을까요?," 외벽 마감재는 결로 방지를 위해 수증기 투과율이 낮은 재료를 선택하는 것이 좋습니다. 예를 들어, 석고보드나 섬유시멘트판과 같은 무기질 마감재는 수증기 투과율이 낮아 결로를 방지하는 데 도움이 됩니다. 또한, 외벽 마감재의 방습처리를 통해 수증기가 벽체 내부로 침투하는 것을 방지할 수 있습니다."
현관문 주위에 발생하는 결로를 해결하기 위한 외부 마감재 중에서 가장 효과적인 것은 무엇인가요?,"현관문 주위에 발생하는 결로를 해결하기 위해 가장 효과적인 외부 마감재로는 실리콘 기반의 밀봉재가 일반적으로 사용됩니다. 이러한 밀봉재는 외부 환경으로부터의 수분 침입을 차단하고, 현관문과 외벽 사이의 간격을 밀착시켜 결로 형성을 방지합니다. 또한 폴리우레탄 포장재나 외벽 특수 도료도 효과적인 선택지일 수 있습니다."
실내 벽면에 생기는 곰팡이와 결로를 없애는 가장 효과적인 방법은 무엇인가요?,"실내 곰팡이와 결로를 없애는 가장 효과적인 방법은 실내 환기 개선입니다. 곰팡이는 습기가 많은 환경에서 자라며, 결로는 실내 공기가 차가워져서 수증기가 응축될 때 발생합니다. 따라서 실내 환기를 잘하면 습도를 낮추고 공기 순환을 개선하여 곰팡이와 결로를 예방할 수 있습니다."
실내 벽면에 생기는 곰팡이와 결로를 방지하기 위한 가장 효과적인 예방법은 무엇인가요?,"실내 벽면에 생기는 곰팡이와 결로를 방지하기 위한 가장 효과적인 예방법으로는 철저한 환기가 필요합니다. 실내 습기를 줄이기 위해 환기 시스템을 적절히 운영하고, 습기가 모이는 곳을 청소하며 건조시키는 것이 중요합니다. 또한 벽면을 물로부터 보호하기 위해 방수 처리를 하고, 공간을 건조하게 유지하는 것도 중요합니다."
지하 주택의 공간을 사용할 때 발생하는 결로를 방지하기 위한 효과적인 방법은 무엇인가요?,"지하 주택의 결로 방지를 위한 효과적인 방법은 다음과 같습니다.

* **방습층 설치:** 지하 외벽과 지반 사이에 방습층을 설치하여 외부로부터의 수분 침투를 차단합니다.
* **환기 시설 강화:** 환기팬이나 환기창을 설치하여 지하 공간 내 공기 순환을 원활하게 합니다.
* **제습기 활용:** 제습기를 사용하여 지하 공간의 습도를 낮추고 결로 발생을 방지합니다.
* **단열재 설치:** 지하 외벽과 천장에 단열재를 설치하여 실내외 온도 차이로 인한 결로를 예방합니다.
* **고성능 창문 사용:** 이중창이나 단열창과 같이 고성능 창문을 사용하여 외부로부터의 열손실과 결로 발생을 줄입니다."
지하 주택의 공간을 사용할 때 발생하는 결로를 방지하는 기술은 어떤 것들이 있나요?,"지하 주택의 공간을 사용할 때 발생하는 결로를 방지하는 기술로는 외부에서의 수분 침입을 차단하는 방수 처리가 중요합니다. 또한 충분한 환기 시스템을 구축하여 습기를 제거하고, 건축 자재를 적절하게 선택하여 수분 흡수를 최소화하는 것이 필요합니다. 특히 방수 처리된 벽면 및 바닥재 사용, 땅속에 있는 벽체에 방수 필름 적용, 그리고 건물 주변에 배수 시스템을 구축하는 등의 기술이 효과적입니다."
어떤 종류의 마감재를 사용하는 것이 결로를 방지하는 데 도움이 될까요?,"결로를 방지하는 데 도움이 되는 마감재 유형:

1. 수증기 차단: 건식벽이나 단열재와 같은 표면 위에 설치하여 수증기가 결로가 맺히는 추운 표면에 도달하는 것을 차단하는 얇은 필름
2. 방수 페인트 또는 코팅: 표면에 수분이 침투하는 것을 방지하는 보호층을 생성하여 결로가 형성되는 것을 줄입니다.
3. 도자기 또는 유리 타일: 비공극성 재료로 수증기가 통과하지 않아 결로가 맺히지 않습니다.
4. 금속 마감재: 수증기가 통과하지 않는 견고한 장벽을 형성하여 결로를 방지합니다."
결로 방지를 위해 어떤 종류의 마감재를 선택해야 할까요?,"결로 방지를 위해서는 수분 저항성이 높은 마감재를 선택하는 것이 중요합니다. 이러한 마감재에는 세라믹 타일, 유리 타일, 금속 패널, 코팅된 콘크리트 등이 있습니다. 이러한 마감재는 수분을 흡수하지 않으므로 표면에 결로가 형성될 가능성이 적습니다. 또한 통기성이 좋은 마감재를 선택하면 수분이 벽체 내부로 빠져나갈 수 있습니다."
외부 창호에서 발생하는 결로의 주된 원인은 무엇인가요?,큰 온도차이로 인해 실내 공기의 수증기가 유리 표면에 응축되어 발생합니다.
외부 창호의 결로 방지를 위한 효과적인 방법은 무엇인가요?,"외부 창호의 결로를 예방하기 위한 효과적인 방법은 다음과 같습니다.
 
 * 이중 또는 삼중 유리창 설치: 단일 유리창보다 열 전달을 낮추어 결로를 방지합니다.
 * 저방사율 코팅 유리 사용: 창문 표면에 투명한 코팅을 적용하여 열 손실을 줄입니다.
 * 열 단절 프레임 사용: 금속 프레임 주변에 단열재를 추가하여 열 손실을 줄입니다.
 * 적절한 환기: 실내 공기 흐름을 개선하여 습기를 줄입니다.
 * 창문 주변 밀봉 향상: 기류와 습기 유입을 막습니다."
건물의 외부 벽면에 생긴 이물질을 제거하는 가장 효과적인 방법은 무엇인가요?,"건물 외부 벽면에 생긴 이물질을 제거하는 가장 효과적인 방법은 화학 세제나 물리적 제거 방법을 사용하는 것입니다. 화학 세제는 이물질의 유형에 따라 선택해야 하며, 물리적 제거 방법에는 스크래핑, 샌딩, 고압 세척 등이 있습니다. 특정 이물질에 가장 적합한 방법을 선택하는 것이 중요합니다."
건물 외부 벽면의 이물질 제거를 위해 가장 효과적인 도구는 무엇인가요?,건물 외부 벽면의 이물질 제거 시 가장 효과적인 도구는 고압 세척기입니다. 고압 세척기는 강한 수압을 이용하여 이물질을 효과적으로 제거할 수 있으므로 건물의 외관을 깨끗하게 유지하는 데 도움이 됩니다.
외피 마감재로 인한 현관문 주위의 결로는 어떻게 방지할 수 있을까?,"외피 마감재와 현관문 사이의 결로를 방지하는 방법
1. 현관문 주변의 단열 성능 향상
2. 창문 프레임과 벽체 사이의 기밀성 확보
3. 현관문 주변의 통풍 개선
4. 현관문에 이중 유리나 저온 코팅 설치
5. 외벽에 통기성 방수막 설치"
외피 마감재의 종류에 따라 현관문 주위의 결로 발생 가능성이 달라지나요?,외피 마감재의 종류에 따라 현관문 주위의 결로 발생 가능성이 달라집니다. 특히 투습성이나 방수성이 높은 마감재를 사용할수록 외부 환경으로부터의 수분 침입을 줄일 수 있어 결로 발생 가능성이 낮아집니다. 따라서 외피 마감재를 선택할 때는 수분 차단 기능이 강화된 재료를 선택하는 것이 중요합니다.
"
화장실 천장에 생기는 곰팡이의 원인은 무엇인가요?","Q: 화장실 천장에 생기는 곰팡이의 원인은 무엇인가요?

답변: 습한 환경, 통풍 불량, 누수"
화장실 천장에 생기는 곰팡이를 제거하는 가장 효과적인 방법은 무엇인가요?,"화장실 천장에 생기는 곰팡이를 제거하는 가장 효과적인 방법은 청소 및 건조를 철저히 실시하는 것입니다. 곰팡이가 발생하기 쉬운 습기가 높은 환경을 방지하기 위해 환기 시스템을 개선하고, 화장실 내부를 건조하게 유지하는 것이 중요합니다. 또한 항균제를 사용하여 곰팡이가 번식하는 것을 방지하고, 필요에 따라 천장을 건조시키고 방수 처리하는 것도 효과적입니다."
지하 공간의 결로를 방지하기 위해 어떤 타 마감재를 사용해야 할까요?,"Q: 지하 공간의 결로를 방지하기 위해 어떤 타 마감재를 사용해야 할까요?

답변: 수분 저항성이 우수한 타일, 유리 모자이크, 석재, 방수 코팅을 사용하는 것을 고려하세요. 이러한 재료는 수분 침투를 차단하고 결로 형성을 최소화하는 데 효과적입니다."
지하 공간의 결로를 방지하기 위해 어떤 방법을 적용해야 할까요?,"지하 공간 결로 방지 방법:
 
 * 방습막 설치: 내부 수증기가 외부로 빠져나가지 못하도록 막음.
 * 통풍 개선: 환기구나 공조 시스템을 이용해 공기 순환을 증진시켜 수분 축적 방지.
 * 단열재 설치: 지하 공간과 외부 공기 간의 온도 차이를 최소화하여 결로 생성 억제.
 * 제습기 사용: 공기 중 수분량을 제거하여 결로 발생 위험 감소.
 * 수분 차단 코팅: 콘크리트 표면에 수분 차단 코팅을 적용하여 지하수 침투 방지."
실내 벽장에서 발생하는 결로를 방지하기 위한 가장 효과적인 방법은 무엇인가요?,"가장 효과적인 결로 방지 방법은 적절한 환기입니다. 실내 벽장에 환기구를 설치하거나, 매일 정기적으로 환기를 하여 습기를 제거하는 것이 중요합니다. 또한, 제습기를 사용하여 공기 중의 습도를 조절하는 것도 도움이 될 수 있습니다."
실내 벽장에서 발생하는 결로를 방지하기 위한 최신 기술은 무엇인가요?,"실내 벽장에서 발생하는 결로를 방지하기 위한 최신 기술로는 습기를 흡수하고 건조시키는 특수 소재를 사용하는 것이 있습니다. 이러한 소재는 공기 중의 습기를 흡수하여 벽장 내부를 건조하게 유지하고, 결로 형성을 방지합니다. 또한 벽장 내부에는 적절한 환기 시스템을 설치하여 습기를 제거하고, 공간을 건조하게 유지하는 것이 중요합니다."
발코니 부위 결로를 방지하기 위해 사용할 수 있는 효과적인 방법은 무엇인가요?,"발코니 부위 결로 방지를 위해 효과적인 방법은 다음과 같습니다.

1. 통풍 개선: 발코니 문과 창을 자주 열어 실내외의 공기 순환을 촉진합니다.

2. 이중창 설치: 이중창은 단일창에 비해 열 손실이 적고 결로 발생을 줄이는 데 도움이 됩니다.

3. 단열재 설치: 발코니 바닥이나 외부 벽에 단열재를 설치하면 열 손실을 줄이고 결로 형성을 방지할 수 있습니다.

4. 습기 흡수제 사용: 실리카겔이나 활성탄과 같은 습기 흡수제는 공기 중의 수분을 흡수하여 결로를 줄이는 데 도움이 됩니다.

5. 가습기 사용: 실내 공기가 건조하면 결로가 발생할 수 있습니다. 가습기를 사용하여 적절한 습도 수준을 유지하면 결로를 방지하는 데 도움이 됩니다."
발코니 부위 결로를 방지하는데 가장 효과적인 자연 친화적인 방법은 무엇인가요?,발코니 부위 결로를 방지하는 가장 효과적인 자연 친화적인 방법은 적절한 플랜트링과 식물을 활용하는 것입니다. 식물은 습기를 흡수하고 공기를 정화하여 환경을 건조하게 유지하는데 도움이 됩니다. 또한 식물을 통해 발코니의 환경을 조절하여 습기가 증발하고 통풍이 원활하게 이루어지도록 하는 것이 중요합니다. 추가적으로 발코니 바닥과 벽면에 특수 방수 처리를 하여 습기가 침투하지 못하도록 하는 것도 효과적입니다.
외벽 마감재의 선택 시 어떤 요소를 고려해야 하나요?," 외벽 마감재 선택 시 다음 요소를 고려해야 합니다.

* 내구성: 날씨와 환경적 요인에 대한 저항력
* 방수성: 침투 및 누수 방지
* 절연성: 온도 및 에너지 효율성 유지
* 외관: 건물의 미적 호소력과 조화
* 유지보수: 청소, 수리, 교체 용이성
* 비용: 초기 설치 비용과 장기 유지보수 비용
* 지속 가능성: 환경 친화적이며 재사용 또는 재활용이 가능한 재료
* 지역 규정 및 건축 기준 준수"
외벽 마감재의 장기적인 유지보수를 위해 어떤 종류의 자재를 선택해야 할까요?,"외벽 마감재의 장기적인 유지보수를 위해 내구성이 뛰어나고 오랜 시간에 걸쳐 변색이나 부식이 적은 자재를 선택해야 합니다. 주로 벽돌, 석재, 시멘트 보드, 또는 PVC 패널과 같은 자재가 좋은 선택지입니다. 이러한 자재들은 날씨 변화에 강하고 쉽게 손상되지 않으며, 정기적인 유지보수가 적게 필요합니다. 추가적으로 방수 처리나 특수 도장을 통해 자재의 내구성을 높일 수도 있습니다."
외벽 모서리 부위에 결로가 발생하는 원인은 무엇인가요?," 외벽 모서리 부위는 열교의 영향을 크게 받는 부분으로, 내부와 외부의 온도 차이로 인해 결로가 발생할 수 있습니다."
외벽 모서리 부위의 결로를 방지하기 위한 효과적인 방법은 무엇인가요?,"외벽 모서리 부위의 결로를 방지하기 위한 효과적인 방법은 다음과 같습니다.
 
 * 저항력 있는 외장재 사용: 벽돌, 돌, 타일과 같은 수분을 흡수하지 않는 재료를 사용하여 습기를 차단합니다.
 * 방습막 설치: 외벽 구조 뒤에 방습막을 설치하여 수증기가 내부로 침투하는 것을 방지합니다.
 * 통기성 있는 덮개 설치: 모서리 부위에 통기성 있는 덮개를 설치하여 수증기가 빠져나갈 수 있도록 합니다.
 * 적절한 절연: 외벽을 적절히 절연하여 내부와 외부의 온도 차이를 줄이고 결로를 방지합니다.
 * 모서리 플래싱 설치: 모서리 부위에 플래싱을 설치하여 물이 침투하는 것을 방지합니다.
 * 방화벽 사용: 방화벽을 사용하여 내부 공간과 외벽 사이에 공기층을 만들어 결로를 방지합니다."
창호 결로 방지를 위한 가장 효과적인 방법은 무엇인가요?,"창호 결로 방지를 위한 가장 효과적인 방법은 다음과 같습니다.

* 창문과 문 주변에 방습막 설치
* 이중 또는 삼중 유리 창문 사용
* 저발산 코팅 창 사용
* 밀폐형 창틀 사용
* 통풍을 잘하여 실내 습도 유지"
창호 결로 방지를 위한 기술적인 솔루션은 어떤 것이 있나요?,"창호 결로 방지를 위한 기술적인 솔루션으로는 절연 유리, 열차단 코팅, 그리고 적절한 환기 시스템을 설치하는 것이 효과적입니다. 절연 유리는 온도차에 따른 습기 응축을 줄여주고, 열차단 코팅은 외부 온도 변화에 대한 저항력을 높여줍니다. 또한 적절한 환기 시스템을 통해 습기를 제거하고 공기 순환이 원활하게 이루어지도록 하는 것이 중요합니다."
"건축 디자인 시, 외부 벽체의 결로 방지를 위한 대책은 무엇이 있나요?","습기 차단막 설치, 단열재 thi공, 통풍구 설치, 이중창 사용 등"
"건축 디자인 시, 외부 벽체의 결로 방지를 위한 재료는 무엇이 있나요?","건축 디자인 시, 외부 벽체의 결로 방지를 위한 재료로는 방수 처리된 벽돌, 특수 방수 도료, 그리고 실리콘 기반의 밀봉재가 효과적입니다. 이러한 재료들은 외부 환경으로부터의 수분 침입을 차단하고, 벽체의 표면을 보호하여 결로 형성을 방지합니다. 또한 건축 구조물의 외부에 방수 막을 설치하여 습기가 침투하지 못하도록 하는 것도 효과적입니다."
공동주택에서 가장 흔한 하자 유형은 무엇인가요?,"공동주택 하자 유형

수법 부실
시공 단계의 미숙함으로 인해 발생하는 구조적 하자로, 균열, 침하, 누수 등을 초래할 수 있습니다.

설계 부실
구조적 안정성이나 주거성을 고려하지 않은 설계상의 결함으로, 답답함, 채광 부족, 소음 문제 등을 유발할 수 있습니다.

자재 부적합
규격에 맞지 않거나 품질이 낮은 자재를 사용함으로써 내구성과 성능이 저하될 수 있습니다.

공사 감독 미흡
시공 과정을 제대로 감독하지 못해 하자 발생 위험이 높아집니다.

유지 관리 부족
입주 후 건물을 제대로 유지 관리하지 않으면 하자 발생 위험이 증가합니다.

Q: 공동주택에서 가장 흔한 하자 유형은 무엇인가요?

A: 수법 부실"
공동주택에서 가장 흔한 하자 유형을 예방하기 위한 방법은 무엇인가요?,"공동주택에서 가장 흔한 하자 유형을 예방하기 위한 방법은 다음과 같습니다.
 
 * 설계 단계에서 철저한 검토: 설계도서와 명세서를 꼼꼼히 검토하여 결함이 없는지 확인합니다.
 * 시공 중 엄격한 감독: 공사 과정을 철저히 감독하여 시공사의 실수를 방지합니다.
 * 자재 및 공법의 적합성 확인: 건축에 사용되는 자재와 공법이 설계도서 및 명세서에 명시된 요구 사항을 충족하는지 확인합니다.
 * 정기적인 점검 및 유지보수: 건축물이 완공된 후에도 정기적으로 점검하고 유지보수를 수행하여 문제를 조기에 발견하고 해결합니다.
 * 입주자 교육: 입주자에게 건축물 사용 및 유지보수에 대한 교육을 실시하여 오용으로 인한 하자를 방지합니다."
공동주택 하자보수 과정에서 가장 중요한 점은 무엇인가요?,공동주택 하자보수 과정에서 가장 중요한 점은 주민의 의사소통 및 협력입니다. 주민들과의 긴밀한 협의와 이해관계 조율을 통해 원활한 하자보수 과정을 진행하고 주민들의 요구 사항을 반영하는 보수 결과물을 얻을 수 있습니다.
공동주택 하자보수 시 고려해야 할 핵심 사항은 무엇인가요?,"공동주택 하자보수 시 고려해야 할 핵심 사항은 먼저 구조적인 안전과 건물의 내구성을 확인하는 것입니다. 또한 수도 및 전기 시스템, 외벽 마감재 등의 시설물의 상태를 점검하고 필요한 보수 및 개선을 실시해야 합니다. 공동주택의 경우 주민들의 의견을 수렴하고 공동주택 법률을 준수하는 것도 중요합니다. 마지막으로, 장기적인 유지보수 계획을 수립하여 건물의 가치를 유지하고 향상시키는 것이 필요합니다."
하자보수에 대한 법적 보증 기간은 얼마나 되나요?,하자보수에 대한 법적 보증 기간은 시공 완료일부터 10년입니다.
하자보수 기간이 종료된 후에도 제품 하자로 인한 소비자 보호를 받을 수 있는 방법은 무엇인가요?,하자보수 기간이 종료된 후에도 제품 하자로 인한 소비자 보호를 받을 수 있는 방법으로는 소비자 보호 법률에 따라 제품의 하자가 발견된 경우 소비자는 일정 기간 이내에 제조사나 판매업체에게 불량 제품을 교환하거나 환불을 요구할 수 있습니다. 또한 소비자는 소비자 보호 단체나 소비자 센터를 통해 불량 제품에 대한 민원을 제기할 수도 있습니다.
하자 예방을 위한 가장 효과적인 방법은 무엇인가요?,"Q: 하자 예방을 위한 가장 효과적인 방법은 무엇인가요?

A: 설계 및 시공 과정을 철저히 검토하고 관리하는 것입니다."
하자 예방을 위한 가장 효과적인 전략은 무엇인가요?,"하자 예방을 위한 가장 효과적인 전략은 설계 초기부터 철저한 계획과 검토를 통한 품질 관리입니다. 이를 위해 설계 단계에서 가능한 모든 리스크를 식별하고, 적절한 대책을 마련하여 실수를 최소화해야 합니다. 또한 품질 관리 시스템을 도입하여 제품 또는 시설물의 품질을 지속적으로 모니터링하고, 팀 간 협업을 강화하여 통합적인 접근 방식을 채택하는 것이 중요합니다. 추가적으로 경험과 교훈을 바탕으로 지속적인 개선을 추구하여 하자 발생을 최소화하는 것도 필요합니다."
공동주택의 마감재 하자를 줄이기 위한 조치에는 어떤 것들이 있나요?,"공동주택 마감재 하자 감소를 위한 조치:

* 시공 전 철저한 설계 및 계획 수립
* 숙련된 작업자 교육 및 관리
* 재료의 품질 관리 및 검사
* 시공 중 공동 검사 및 감독
* 완공 후 정기적인 유지보수 및 관리"
공동주택의 마감재 검사를 위한 최신 기술은 무엇인가요?,"공동주택의 마감재 검사를 위한 최신 기술로는 드론을 활용한 주택 외부 점검이 있습니다. 드론을 사용하면 고도의 정밀도로 건물 전체를 조사할 수 있으며, 마감재의 손상이나 결함을 신속하게 발견할 수 있습니다. 또한 열화상 카메라를 장착한 드론을 사용하면 마감재의 단열성과 절연성을 확인하고, 에너지 효율성을 평가할 수 있습니다. 이러한 기술은 검사 과정을 효율화하고 정확성을 높여주어 공동주택의 유지보수를 보다 효과적으로 수행할 수 있습니다."
"하자 발생 시, 입주자는 어떤 절차를 따라야 하나요?","Q: 하자 발생 시, 입주자는 어떤 절차를 따라야 하나요?
A: 공사업에서 공사중 하자나 공사완료 후 5년 이내에 하자가 발생하면, 시공자 또는 시설관리자에게 하자 내용을 통지하고 수리를 요청합니다. 그러면 시공자 또는 시설관리자는 15일 이내에 조치해야 하며, 하자 수리가 완료될 때까지 입주자는 임시 거처 또는 위자료를 받을 수 있습니다."
"하자 발생 시, 입주자가 따라야 하는 절차는 무엇인가요?","입주자가 하자 발생 시 따라야 하는 절차는 다음과 같습니다.
 
 1. 하자 내용을 사진이나 영상으로 기록합니다.
 2. 하자 발생 부위를 파악하고 원인을 조사합니다.
 3. 시공사 또는 건설사에 하자 내용을 통보하고 해결을 요청합니다.
 4. 시공사 또는 건설사가 해결하지 않을 경우 소비자보호원이나 건설교통부에 신고합니다.
 5. 필요한 경우 법적 조치를 취합니다."
하자보수를 요구할 수 있는 기간에는 어떤 제한이 있나요?,"건설업법에 따르면 하자보수를 요구할 수 있는 기간은 하자발생일로부터 5년입니다. 다만, 구조적 하자의 경우에는 10년입니다."
하자보수를 요구할 수 있는 기간 동안 어떤 조치를 취해야 하나요?,"하자보수를 요구할 수 있는 기간 동안은 다음과 같은 조치를 취해야 합니다.
 
 * 하자 사항을 서면으로 통지하여 기록 남기기
 * 하자에 대한 증거 수집하기 (사진, 영상 등)
 * 담당자와 협의하여 보수 계획 수립하기
 * 보수 공사 진행 및 감독하기
 * 보수 공사 완료 후 확인 및 이행 여부 확인하기"
공동주택의 구조적 하자에는 어떤 것들이 있나요?,"공동주택의 구조적 하자에는 다음과 같은 것들이 있습니다.

* 기둥과 보의 부적절한 설계 또는 시공
* 기초의 불량화 또는 침하
* 지진이나 태풍과 같은 자연재해에 대한 저항력 부족
* 시공 중의 잘못된 시공 관행
* 부적절한 재료 사용
* 설계 사양 미준수"
공동주택 구조적 하자를 예방하기 위한 방법은 무엇이 있나요?,"공동주택 구조적 하자 예방 방법:
 
 1. 철근 콘크리트 구조의 경우, 타설 후 충분한 양생 기간 확보
 2. 기둥, 보, 슬래브 등 구조 요소의 배근 및 연결부 디테일 철저한 검토
 3. 시공 중 엄격한 콘크리트 품질 관리(슬럼프, 공기량 등)
 4. 시공 감독 및 검사의 철저한 이행
 5. 완공 후 정기적인 구조 안전 진단 및 보수 유지 관리 실시"
"하자보수 과정에서 흔히 발생하는 문제는 무엇이고, 어떻게 대응해야 하나요?","하자보수 과정에서 흔히 발생하는 문제는 부적절한 재료 사용, 시공상의 오류, 계약사항 미준수 등이 있습니다. 대응책으로는 엄격한 품질 관리 체계 시행, 자세한 시공 지침 제공, 계약서 상의 의무 사항을 엄격히 준수하는 것이 중요합니다."
"하자보수 과정에서 주로 발생하는 어려움은 무엇이며, 이를 극복하기 위한 방법은 무엇인가요?","하자보수 과정에서 주로 발생하는 어려움은 예산 초과, 시간 지연, 품질 저하 등이 있습니다. 이를 극복하기 위해서는 명확한 계획 수립과 예산 관리, 엄격한 일정 관리, 품질 향상을 위한 감독 및 통제가 필요합니다. 또한 소통 강화와 문제 발생 시 신속한 대응이 중요합니다."
하자보수 공사 후 재발을 방지하기 위한 관리 방법에는 무엇이 있나요?,"하자보수 공사 후 재발을 방지하기 위한 관리 방법으로는 정기적인 점검과 유지보수가 필요합니다. 또한 문제가 발생할 경우 즉시 대응하여 조치하고, 공사 업체와 협력하여 원인을 파악하고 개선책을 마련하는 것이 중요합니다."
하자보수 공사 후 재발을 방지하기 위한 유지보수 전략은 무엇인가요?,"하자보수 공사 후 재발을 방지하기 위한 유지보수 전략으로는 정기적인 검사와 보수가 필요합니다. 또한 문제 발생 시 신속한 대응과 원인 규명이 중요합니다. 시설의 사용과 관리에 대한 교육을 제공하여 주변 환경 변화에 대응하고, 기록을 관리하여 향후 유지보수에 참고할 수 있도록 합니다."
하자보수 공사 후 재발을 방지하기 위한 관리 방법에는 무엇이 있나요,"하자 보수 후 재발을 방지하기 위한 관리 방법:

* 정기적인 유지보수 및 검사: 문제가 발생하기 전에 식별 및 해결
* 건설 도면 및 사양 검토: 올바른 설치 및 재료를 보장
* 숙련된 전문가 고용: 자격을 갖춘 엔지니어 및 건설업자 확보
* 현장 조건 모니터링: 습기, 온도 등 잠재적인 문제 식별
* 책임감 있는 감독: 공사 진행 상황과 품질 모니터링
* 사용자 교육: 건물 적절한 사용 및 유지보수 방법 제공
* 문제 추적 및 해결 시스템: 재발 가능성을 평가하고 수정 조치 확인
* 파손 부위 지속적인 모니터링: 재발 조기 식별 및 해결"
하자보수 공사 후 재발을 방지하기 위한 관리 방법은 무엇인가요?,"하자보수 공사 후 재발을 방지하기 위한 관리 방법은 정기적인 점검과 유지보수가 필요합니다. 또한 문제가 발생할 경우 즉시 대응하여 조치하고, 공사 업체와 협력하여 원인을 파악하고 개선책을 마련하는 것이 중요합니다."
스마트 건물 기술에서 중요하게 고려되는 보안 요소에는 어떤 것들이 있나요?,"스마트 건물의 보안을 고려해야 할 중요한 사항은 다음과 같습니다.

* 액세스 제어: 누가 건물에 들어갈 수 있는지 제어합니다.
* 감시 시스템: 건물 안팎의 활동을 모니터링합니다.
* 침입 감지: 침입자를 감지하고 경고를 발합니다.
* 사이버 보안: 스마트 빌딩 시스템을 해커로부터 보호합니다.
* 비상 대응: 화재, 홍수, 지진 등 비상 상황에 대응합니다.
* 물리적 보안: 건물을 무단 침입으로부터 보호하는 물리적 장벽과 조치를 포함합니다."
스마트 건물 시스템의 보안 강화를 위해 어떤 기술적인 방법들이 사용되고 있나요?,"스마트 건물 시스템의 보안 강화를 위해 사용되는 기술적인 방법으로는 강력한 인증 및 암호화 기술, 네트워크 분리 및 방화벽 설정, 취약점 관리 및 모니터링 시스템 도입 등이 있습니다. 또한 머신 러닝과 인공지능을 활용한 이상 행동 탐지 및 예측 기술도 적용되고 있습니다."
건축에서의 수동 태양 에너지 활용 기법에는 어떤 것들이 있나요?,"수동 태양 에너지 활용 기법

- **태양광 수동 난방:** 태양 복사를 건물 내부로 유입하여 난방
- **태양광 수동 냉방:** 태양 복사를 차단하여 냉방
- **자연 환기:** 외부 공기를 건물 내부로 유입시켜 환기
- **일조 통제:** 창문의 위치와 크기를 조절하여 일조를 제어
- **열량 저장:** 태양열을 저장하여 밤이나 흐린 날에 방출"
건축물에서 태양광 발전을 위한 설계 요소는 무엇인가요?,"건축물에서 태양광 발전을 위한 설계 요소로는 건물의 위치와 방향, 지형과 환경 조건 등이 중요합니다. 이를 고려하여 지붕 면적과 각도, 주변 건물과의 간격을 조정하여 최적의 태양광 수집 효율을 달성합니다. 또한 태양광 패널의 설치 위치와 방향을 최적화하여 최대한의 태양 에너지를 수용할 수 있도록 설계합니다."
건축물의 방음 설계를 위한 주요 고려 사항은 무엇인가요?,"* 건물 주변 환경의 소음 수준 및 성격 분석
* 건물의 사용 용도 및 내부 소음 수준 요구 사항 파악
* 건물 구조 및 형태 설계 시 방음 성능 고려
* 방음 재료 및 구성 요소 선택 및 적용
* 차음벽, 소음 차단 창문, 소음 제어 공간 설치 고려
* 공기역학적 소음 및 진동 차단
* 소음 감소를 위한 건축 음향적 조치 적용
* 건축 음향 시뮬레이션 및 실험을 통한 방음 설계 최적화"
건축물의 방음 시스템을 향상시키기 위한 기술적인 요소는 무엇인가요?,"건축물의 방음 시스템을 향상시키기 위한 기술적인 요소로는 소음 차단재 및 접합부의 개선, 이중창 및 고성능 유리의 사용, 공간 내부의 음향 산란을 줄이는 재료와 설계 등이 있습니다. 또한 진동 저감 장치 및 소음 발생원의 위치와 방향을 고려한 설계가 중요합니다."
지속 가능한 건축물의 물 관리 전략에는 어떤 것들이 있나요?,"지속 가능한 건축물을 위한 물 관리 전략:

* 물 절약기기 및 저유량 조명기 설치
* 빗물 수집 및 재사용 시스템 활용
* 가뭄 내성 조경 도입
* 회수수 처리 시스템 구축
* 물 누출 감지 및 수리 시스템 설치"
건축물의 물 관리 전략을 효과적으로 구현하기 위해 필요한 자원은 무엇인가요?,"건축물의 물 관리 전략을 효과적으로 구현하기 위해 필요한 자원으로는 먼저 충분한 물 공급원과 적정한 용수탱크 및 시스템이 필요합니다. 또한 물 절약 장치 및 재활용 시스템, 친환경적인 배수 시설과 방법도 필요합니다. 물 관리 전략의 성과를 감독하고 모니터링하기 위한 적절한 시설과 기술도 중요합니다."
고층 건물의 풍하중 대응 설계 전략은 무엇인가요?,"고층건물 풍하중 대응 설계 전략:
- 질량 댐퍼
- 조정댐퍼
- 풍항터널 시험
- 컴퓨터 시뮬레이션
- 공력적 형상 개선"
고층 건물의 풍하중 대응 설계에 영향을 미치는 요소는 무엇인가요?,"고층 건물의 풍하중 대응 설계에 영향을 미치는 요소로는 건물의 높이와 형태, 지리적 위치, 주변 환경, 건물 재료 및 구조 등이 중요합니다. 높이가 증가할수록 풍속 변화에 따른 압력도 증가하므로 강한 풍하중을 고려해야 합니다. 또한 건물의 형태와 주변 건물이 풍의 흐름을 어떻게 방해하는지도 고려해야 합니다."
건축물의 열교 현상을 방지하는 방법은 무엇인가요?,"건축물의 열교 현상을 방지하는 방법은 다음과 같습니다.

* 단열재 사용: 벽, 지붕, 바닥에 단열재를 설치하여 열 손실을 줄입니다.
* 열차단재 사용: 창문, 문과 같이 외부와 접촉하는 부분에 열차단재를 설치하여 열 전달을 차단합니다.
* 공기 누출 방지: 창문, 문 주변의 틈새를 막아 공기 누출을 최소화합니다.
* 열교 부의 최소화: 열교를 유발하는 철골 구조물이나 콘크리트 슬래브의 노출을 최소화합니다.
* 열교 부의 단열: 열교 부에 단열재를 설치하여 열 전달을 차단합니다."
건축물의 열교 현상을 방지하기 위한 현대적인 기술은 무엇인가요?,"건축물의 열교 현상을 방지하기 위한 현대적인 기술로는 고성능 절연재 및 창호 시스템, 열교 전달을 최소화하는 건축재료의 사용, 외피 설계의 최적화와 태양열 차단 장치 도입 등이 있습니다. 또한 지능형 냉난방 시스템과 열교 효과를 줄이는 건물 배치 및 형태 설계도 효과적입니다."
건축물에서 자연채광을 최대화하는 설계 전략은 무엇인가요?,"자연채광을 최대한 활용한 건축물 설계 전략:

* 대형 창문 사용
* 스카이라이트 설치
* 채광정 (Lightwell) 활용
* 반사 표면 도입
* 내부 공간 배치 최적화"
건축물의 내부 채광을 향상시키는 방법은 무엇인가요?,"건축물의 내부 채광을 향상시키는 방법으로는 크기와 위치가 적절한 창문 설치, 반사 및 분산광을 이용한 조명 설계, 내부 공간의 색상과 재료 선택 등이 있습니다. 또한 내부 레이아웃을 최적화하여 자연 채광을 최대한 활용하고, 장치 및 시스템을 활용하여 일광을 조절하고 제어하는 것도 중요합니다."
건축 자재 선택 시 환경 영향을 최소화하는 기준은 무엇인가요?,"건축 자재 선택 시 환경 영향을 최소화하는 기준은 다음과 같습니다.

1. 자원 절약: 재생 가능한 자재 또는 재활용 자재를 우선적으로 사용하여 자원 고갈을 방지하는 것
2. 에너지 효율성: 제조 및 운송에 에너지가 적게 소비되는 자재를 선택하여 탄소 발자국을 줄이는 것
3. 저탄소 배출: 제조 공정에서 탄소 배출이 적은 자재를 선택하여 온실가스 배출을 줄이는 것
4. 내구성 및 수명 주기: 수명이 길고 내구성이 있는 자재를 선택하여 수리 및 교체 비용을 줄이는 것
5. 재활용성 및 폐기 처리: 재활용 또는 재사용이 가능한 자재를 선택하여 폐기물 발생을 줄이는 것
6. 지역 소싱: 지역에서 생산되거나 공급되는 자재를 선택하여 운송으로 인한 환경 영향을 줄이는 것
7. 인허가 및 규정 준수: 환경 규정 및 인허가 요구 사항을 준수하는 자재를 선택하여 규정 위반으로 인한 환경 영향을 피하는 것"
건축 자재의 환경 친화적인 솔루션은 어떤 것이 있나요?,"건축 자재의 환경 친화적인 솔루션으로는 재생 가능 자원을 활용한 자재, 에너지 효율적인 생산 방법을 채택한 자재, 친환경적인 재활용 및 분해가 가능한 자재 등이 있습니다. 예를 들어, 자연 소재인 목재를 재생 가능 자원으로 사용하거나, 콘크리트 생산 시 칼슘 실리케이트 슬래그(CS)와 같은 친환경적인 첨가제를 사용하여 에너지 소모를 줄일 수 있습니다. 또한, 재활용 가능한 철근이나 재생 폴리에스테르 섬유와 같은 재료를 사용하여 건축물의 생명 주기를 연장하고 자원 소모를 최소화할 수 있습니다. 이러한 친환경 자재는 건축 분야에서 지속 가능한 발전을 촉진하는 데 중요한 역할을 합니다."
지진 대비 건축 설계에서 고려해야 할 주요 요소는 무엇인가요?,"1. 지반 조사 및 지반공학적 평가
2. 구조적 요소의 강도 및 연성 확보
3. 비대칭 및 불규칙한 형태 피하기
4. 에너지 소산 메커니즘 통합
5. 불연성 및 연기 제어 대책 구현
6. 비상 대피 및 구조 계획 수립"
지진 대비 건축 설계에서 주요 요소를 고려할 때 어떤 전문가들과 협력해야 하나요?,"지진 대비 건축 설계에서 주요 요소를 고려할 때 지진 엔지니어, 구조 엔지니어, 그리고 지진학 전문가와의 협력이 중요합니다. 이들 전문가들은 건축물의 지진 내구성을 평가하고 적절한 설계 및 구조 기술을 제공합니다. 지진 엔지니어는 지진의 특성을 이해하고 건축물의 지진 영향을 평가하는 역할을 하며, 구조 엔지니어는 건물의 구조적인 안전성을 보장하는데 중요한 역할을 합니다. 또한 지진학 전문가는 지진 발생 가능성과 관련된 지리적인 요소를 고려하여 지진에 대비한 설계 전략을 개발하는 데 도움을 줍니다. 이들 전문가들과의 협력을 통해 안전하고 지진에 강한 건축물을 설계할 수 있습니다."
건축물의 화재 안전성을 높이는 설계 전략에는 어떤 것들이 있나요?,"건축물의 화재 안전성을 높이는 설계 전략:

1. 수동적 화재 방지 조치: 내화 구획화, 방화 구획, 화재 감지 및 경보 시스템
2. 능동적 화재 방지 조치: 스프링클러 시스템, 연기 제어 시스템, 환기 시스템
3. 대피 설계: 비상 계단, 화재 탈출로, 비상 조명"
건축물의 화재 안전성을 향상시키기 위해 고려해야 하는 요소는 무엇인가요?,"건축물의 화재 안전성을 향상시키기 위해서는 여러 요소를 고려해야 합니다. 먼저, 화재 방지 재료를 사용하여 건축물의 내부 구조물과 외부 벽면을 보호해야 합니다. 또한 화재 경보 및 소화장치를 설치하고 비상 대피 계획을 마련하여 화재 발생 시 신속하게 대응할 수 있어야 합니다. 또한 건물 내부의 화재 위험 요소를 최소화하기 위해 전기 시스템 및 가스 시설을 안전하게 유지해야 합니다. 이러한 조치들은 건축물의 화재 안전성을 높이는데 중요한 역할을 합니다."
녹색 지붕(green roof) 설치의 주요 이점은 무엇인가요?,"녹색 지붕 설치의 주요 이점은 다음과 같습니다.

* 우수 관리: 빗물 흡수 및 유지로 범람 감소
* 열 조절: 건물 냉방 및 난방 비용 절감
* 공기 정화: 오염 물질 및 탄소 흡수
* 생물 다양성 증진: 야생 동물 서식지 제공
* 에너지 효율 향상: 겨울에는 보온, 여름에는 냉방 효과
* 건축물 가치 향상: 미관 향상 및 건물 수명 연장"
녹색 지붕이 도시 환경에 미치는 영향은 무엇인가요?,"녹색 지붕은 도시 환경에 다양한 긍정적인 영향을 미칩니다. 먼저, 녹색 지붕은 열섬 효과를 완화하고 공기를 정화하여 도시 내부의 온도를 낮추는데 도움을 줍니다. 또한 비가 수분을 흡수하여 침투를 조절하고 폭우로 인한 홍수를 완화하는데 도움이 됩니다. 이러한 기능들은 도시 생태계를 보호하고 건강한 환경을 조성하는 데 중요한 역할을 합니다."
건축물의 수명을 연장하기 위한 유지보수 전략은 무엇인가요?,"건축물의 수명을 연장하기 위한 유지보수 전략은 다음과 같습니다.

* 예방적 유지보수: 건축물을 정기적으로 점검하고, 미리 문제를 식별하고, 조치를 취하는 것입니다.
* 예측적 유지보수: 건축물의 건강 상태를 모니터링하고, 예측 모델을 사용하여 미래 문제를 예측하는 것입니다.
* 상태 기반 유지보수: 건축물의 실제 상태를 기반으로 유지보수 작업을 수행하는 것입니다.
* 반응적 유지보수: 문제가 발생한 후에 수행하는 유지보수입니다.

이러한 전략은 건축물의 수명을 연장하고, 안전성과 성능을 유지하는 데 도움이 될 수 있습니다."
건축물 유지보수 전략에서 가장 중요한 요소는 무엇인가요?,"건축물 유지보수 전략에서 가장 중요한 요소는 예방과 계획입니다. 정기적인 점검과 유지보수 일정을 설정하여 문제를 조기에 발견하고 해결할 수 있도록 해야 합니다. 또한 적절한 자원과 예산을 할당하여 유지보수 작업을 실시하고, 효과적인 관리 시스템을 구축하여 건물의 수명을 연장하고 안전성을 유지해야 합니다."
건축물의 외벽 마감재 선택 시 고려해야 할 주요 요소는 무엇인가요?,"건축물의 외벽 마감재 선택 시 고려해야 할 주요 요소:

* 내구성과 유지보수
* 방수 및 방습 성능
* 열 성능
* 미적 가치
* 비용 및 예산
* 지속 가능성 및 친환경적 고려 사항"
건축물의 외벽 마감재를 선택할 때 어떤 디자인 요소를 고려해야 하나요?,"건축물의 외벽 마감재를 선택할 때는 먼저 시각적인 측면을 고려해야 합니다. 적절한 색상, 질감, 그리고 형태를 선택하여 건물의 외관과 조화를 이루어야 합니다. 또한 내구성, 유지 보수성, 환경 친화성 등의 기능적 요소도 고려되어야 합니다. 마감재의 재료와 형태는 건물의 디자인 컨셉과 스타일에 부합하며 동시에 환경적, 기술적 요건을 충족해야 합니다."
건축물의 단열 향상을 위한 혁신적인 기술에는 어떤 것들이 있나요?,"건축물 단열 향상을 위한 혁신적인 기술:

* 진공 단열 패널(VIP): 진공 상태의 패널로 매우 높은 열 저항을 제공
* 상변화 물질(PCM): 열을 흡수 또는 방출하여 실내 온도를 조절
* 나노절연재: 나노 크기의 재료로 열 전도율을 크게 낮춤
* 에어로젤: 가벼운 다공성 재료로 뛰어난 열 저항을 제공
* 고성능 유리: 특수 코팅 또는 필름을 적용하여 열 손실을 줄임"
건축물의 단열성을 향상시키기 위해 사용되는 최신 기술은 무엇인가요?,"건축물의 단열성을 향상시키기 위해 사용되는 최신 기술로는 고성능 창호 시스템, 단열재의 혁신적인 개발, 고성능 절연재의 도입, 그리고 열교환 시스템의 적용 등이 있습니다. 이러한 기술들은 건물의 열손실을 줄이고 에너지 효율을 향상시키는 데 도움이 됩니다."
도심 속 공원과 같은 공공 공간의 건축 설계에서 중요한 고려 사항은 무엇인가요?,"도심 속 공원과 같은 공공 공간의 건축 설계에서 중요한 고려 사항:

* 이용자의 편의와 접근성
* 안전성과 보안
* 지속 가능성과 유지 관리
* 지역 맥락과 통합
* 커뮤니티 참여와 소통"
도심 속 공원과 같은 공공 공간의 건축 설계에서 주요한 디자인 원칙은 무엇인가요?,"From an architectural expert's perspective, please review the context below and respond only to the question marked as Q within 512 characters. Ensure your response avoids repeating the same words or phrases and must be written in Korean. Following this, only the answer to the question will be provided
\n
Question: 도심 속 공원과 같은 공공 공간의 건축 설계에서 주요한 디자인 원칙은 무엇인가요?"
건축에서 LED 조명의 사용이 중요한 이유는 무엇인가요?,"건축에서 LED 조명이 중요한 이유: 
1. 에너지 효율성: LED는 백열 및 형광등에 비해 에너지 소비가 현저히 적음. 
2. 장수명: LED의 수명은 일반적으로 50,000시간 이상으로 다른 조명원보다 훨씬 길다. 
3. 크기와 무게가 작음: LED는 소형이고 가볍기 때문에 설치가 쉽고 다양한 디자인에 통합할 수 있음. 
4. 다양한 색상 옵션: LED는 다양한 색상 온도와 색상을 생성하여 분위기 조성에 사용할 수 있음. 
5. 조절 가능성: LED 조명은 밝기와 색상 온도를 디밍 및 제어할 수 있어 편안하고 효율적인 조명을 제공함. 
6. 환경 친화성: LED는 수은이나 기타 유해 물질이 포함되어 있지 않아 환경 피해를 최소화함."
건축물 디자인에 LED 조명이 주는 영향은 무엇인가요?,"LED 조명은 건축물 디자인에 다양한 영향을 줍니다. 먼저, LED 조명은 색상과 밝기를 조절할 수 있어 건축물의 분위기와 느낌을 조절하는 데 유용합니다. 또한 에너지 효율적이며 지속 가능한 조명 솔루션으로 인기가 있습니다. LED의 작은 크기와 다양한 형태로 다양한 디자인 요소에 적용할 수 있어 건축물의 형태와 구조를 강조하거나 감추는 데 사용될 수 있습니다. LED 조명의 장점은 건축물의 안전성을 향상시키고 사용자 경험을 향상시키는 데 기여할 수 있습니다."
건축물에서 바닥 난방 시스템의 장점은 무엇인가요?,"건축물의 바닥 난방 시스템의 장점은 다음과 같습니다.

* 실내 기온을 균일하게 유지합니다.
* 발밑에서부터 따뜻하게 느껴져 쾌적함을 증가시킵니다.
* 습도를 낮춰 곰팡이와 먼지 진드기 생성을 방지합니다.
* 공기 순환을 최소화하여 먼지와 알레르기를 줄입니다.
* 에너지 효율이 우수하여 운영 비용을 절감합니다."
바닥 난방 시스템을 설치할 때 고려해야 할 사항은 무엇인가요?,"바닥 난방 시스템 설치 시 고려해야 할 사항은 몇 가지가 있습니다. 먼저, 바닥 구조와 재료에 따라 적합한 난방 시스템을 선택해야 합니다. 그 후, 시공 전 전기 및 수도 배관 등의 인프라를 고려하여 설계합니다. 또한, 바닥 난방 시스템의 열 효율성과 절연성을 고려하여 에너지 효율을 최적화하고, 사용자의 안전을 위해 적절한 보호장치를 갖추는 것이 중요합니다. 마지막으로, 유지보수 및 수리를 고려하여 접근이 용이한 설치 위치를 선택해야 합니다."
지속 가능한 건축물의 냉방을 위한 자연 솔루션에는 어떤 것들이 있나요?,"지속 가능한 건축물의 냉방을 위한 자연 솔루션

* 자연 환기: 창문, 도어, skylight를 사용하여 신선한 공기를 순환시켜 건물 내부를 냉각한다.
* 열질량: 콘크리트나 돌과 같은 열질량이 큰 재료를 사용하여 낮 동안 열을 흡수하고 밤 동안 방출하여 건물 내부 온도를 조절한다.
* 녹색 지붕: 식물로 덮인 지붕은 태양열 흡수를 줄이고 건물 내부를 냉각하는 데 도움이 된다.
* 수동 태양열 설계: 건물을 남쪽이나 동쪽으로 향하게 배치하고 창문을 크게 설계하여 겨울에는 태양열을 흡수하고 여름에는 차단하는 데 도움이 된다.
* 증발 냉각: 물을 증발시켜 공기를 냉각하는 증발 냉각기나 미스트 스프레이를 사용한다.

Q: 지속 가능한 건축물의 냉방을 위한 자연 솔루션에는 어떤 것들이 있나요?

A: 자연 환기, 열질량, 녹색 지붕, 수동 태양열 설계, 증발 냉각"
지속 가능한 건축물의 냉방을 위한 자연 솔루션은 어떤 원리에 기반하고 있나요?,"지속 가능한 건축물의 냉방을 위한 자연 솔루션은 주로 자연 통풍과 열효과를 활용합니다. 이는 건축물의 설계에 따라 바람의 흐름을 유도하고, 그로 인해 실내 공기가 순환함으로써 온도를 조절하는 원리를 기반으로 합니다. 또한, 그림자를 활용하여 태양열을 차단하고, 단열재와 효율적인 창문 및 창문 커버링을 통해 열전달을 최소화하여 냉방 에너지 소비를 줄일 수 있습니다."
건축물에서 햇빛을 제어하는 가장 효과적인 방법은 무엇인가요?,"건물의 햇빛 제어에 가장 효율적인 방법은 외부 차양이나 그릴을 사용하는 것입니다. 이러한 장치는 태양광이 창문을 직접 비추는 것을 차단하여 햇빛의 열량과 눈부심을 줄여줍니다. 또한, 창문에 낮은 E 유리 또는 색조 유리를 설치하여 태양열 이득을 줄일 수 있습니다."
건축물의 일광관리에 대한 설계 시 고려해야 할 주요 요소는 무엇인가요?,"건축물의 일광관리에 대한 설계 시 고려해야 할 주요 요소로는 건물의 방위, 창문 및 창문 커버링의 위치와 크기, 일광 차단 및 투과 소재의 선택, 그리고 내부 조명 및 가구 배치 등이 있습니다. 이러한 요소들은 건물 내부의 일광 조절과 자연채광을 최적화하여 쾌적한 실내 환경을 조성하고 에너지 효율성을 향상시킵니다."
건축 프로젝트에서 BIM(Building Information Modeling) 기술의 이점은 무엇인가요?,"BIM(Building Information Modeling) 기술은 건축 프로젝트에 다음과 같은 이점을 제공합니다.

* **디자인 및 시공의 효율성 향상:** BIM은 디지털 모델을 사용하여 설계 및 시공 프로세스를 가시화하고 최적화하는 데 도움이 되어 시간과 비용을 절약할 수 있습니다.
* **협업 및 의사소통 향상:** BIM은 다양한 건축 전문가 간의 협업을 촉진하여 설계 의도를 명확하게 전달하고 오류를 줄입니다.
* **충돌 검사 및 문제 해결:** BIM은 모델 분석을 통해 설계 및 시공 과정에서 잠재적인 충돌과 문제를 식별하여 미리 해결할 수 있습니다.
* **비용 관리 및 예산 측정:** BIM은 정확한 비용 추정 및 예산 측정을 가능하게 하여 프로젝트 비용 초과를 방지합니다.
* **운영 및 유지보수 향상:** BIM은 공사가 완료된 후에도 건물 운영 및 유지보수를 위한 가치 있는 데이터를 제공합니다."
건축 분야에서 BIM(Building Information Modeling) 기술이 어떻게 혁신을 이끌고 있나요?,"건축 분야에서 BIM(Building Information Modeling) 기술은 혁신적인 변화를 이끌고 있습니다. BIM은 건축물의 설계, 건설 및 운영 단계에서 데이터 기반의 통합적인 접근 방식을 제공하여 협업과 효율성을 향상시킵니다. 이 기술은 다양한 이해당사자 간의 커뮤니케이션을 촉진하고 시각화된 모델을 통해 설계 및 건설 프로세스를 최적화합니다. 또한 BIM은 건물의 성능 및 유지보수에 대한 데이터를 통해 지속 가능한 건축물을 설계하고 구축하는 데 기여합니다."
친환경 건축 재료를 선택할 때 어떤 인증을 찾아야 하나요?,"LEED, BREEAM, WELL 등의 인증을 찾아야 합니다. 이러한 인증은 환경에 미치는 영향을 최소화하도록 설계되고 제작된 건축 자재를 식별하는 데 도움을 줍니다. 인증서는 재료의 생산, 설치, 사용, 처분에 대한 엄격한 기준을 설정합니다."
친환경 건축 재료를 선택할 때 어떤 인증 기준을 고려해야 하나요?,"친환경 건축 재료를 선택할 때 주요한 인증 기준으로는 LEED (Leadership in Energy and Environmental Design), BREEAM (Building Research Establishment Environmental Assessment Method), Green Globes 등의 건축물 평가 시스템이 있습니다. 이러한 시스템은 재료의 생산과 사용 단계에서의 환경 영향을 평가하고 지속 가능한 건축을 촉진하기 위해 사용됩니다. 따라서 이러한 인증 기준을 고려하여 친환경적이고 지속 가능한 건축 재료를 선택할 수 있습니다."
도시 재생 프로젝트에서 건축가의 역할은 무엇인가요?,"도시 재생 프로젝트에서 건축가의 역할은 다각적입니다. 그들은 건물 설계와 복원부터 커뮤니티 참여와 마스터 플래닝에 이르기까지 다양한 책임을 맡습니다. 건축가는 역사적 및 문화적 맥락을 고려하여 지속 가능하고 포괄적인 디자인 솔루션을 개발하는 것을 목표로 합니다. 또한, 그들은 다양한 이해 관계자와 협력하여 재생 프로젝트가 지역 사회의 필요와 가치를 반영하도록 보장합니다."
도시 재생 프로젝트에서 건축가가 고려해야 하는 주요 요소는 무엇인가요?,"도시 재생 프로젝트에서 건축가가 고려해야 하는 주요 요소로는 문화유산 보존, 도시환경과의 조화, 지속가능성, 사회적 포용성 등이 있습니다. 이러한 요소들을 고려하여 도시 공간을 재생하고 발전시키는데 있어 건축가는 역할을 수행합니다. 문화유산의 보존을 통해 도시의 아이덴티티를 유지하고, 지속가능한 건축과 도시환경을 조성하여 생활 편의성을 향상시키며, 사회적으로 다양한 계층을 수용하는 디자인을 추구해야 합니다."
최신 건축 트렌드 중 하나인 생체모방 건축이란 무엇인가요?,생체모방 건축은 자연 세계의 형태와 구조에서 영감을 받아 건물을 디자인하는 건축적 접근 방식입니다. 자연의 설계 원리를 적용하여 지속 가능하고 효율적이며 미적으로 만족스러운 건물을 만들기 위해 노력합니다.
생체모방 건축을 구현하기 위해 사용되는 재료는 무엇인가요?,"생체모방 건축을 구현하기 위해 사용되는 재료로는 자연 소재인 나무, 돌, 대나무, 흙 등이 주로 활용됩니다. 이러한 재료는 자연의 형태와 특성을 모방하여 건물의 생태적 지속 가능성을 높이고 생태계에 미치는 영향을 최소화합니다. 또한 재생 가능하고 친환경적이며 건강에도 도움이 되는 재료를 사용하여 건축물의 지속 가능성을 높이는 노력이 진행되고 있습니다."
건축 프로젝트 관리에 있어서 가장 중요한 요소는 무엇인가요?," 건축 프로젝트의 성공적인 관리에 있어 가장 중요한 요소는 명확한 의사소통과 철저한 계획입니다. 효과적인 의사소통은 프로젝트 이해관계자들 간의 원활한 협업을 보장하고, 철저한 계획은 실행 가능한 로드맵을 제공하여 지연과 예산 초과를 방지하는 데 도움이 됩니다."
건축 프로젝트 관리에서 성공을 위해 가장 필수적인 전략은 무엇인가요?,건축 프로젝트 관리에서 성공을 위해 가장 필수적인 전략은 효과적인 커뮤니케이션과 협업입니다. 프로젝트의 모든 이해관계자 간에 명확한 의사소통 경로를 설정하고 정보를 투명하게 공유하여 협력과 이해를 촉진해야 합니다. 또한 일정과 예산을 엄격하게 관리하고 변화에 유연하게 대응하는 능력도 중요합니다. 이를 통해 프로젝트의 목표를 달성하고 품질을 유지할 수 있습니다.
건축물의 물리적 안전성을 높이기 위한 설계 전략에는 어떤 것들이 있나요?,"건축물의 물리적 안전성을 높이는 설계 전략:

- 내진 설계
- 내화 설계
- 풍속 하중 설계
- 하중 분산 설계
- 비상 탈출 설계"
건축물의 안전성을 향상시키기 위해 고려해야 하는 요소는 무엇인가요?,"건축물의 안전성을 향상시키기 위해 고려해야 하는 요소로는 강화된 구조 설계, 적절한 소방 시스템 및 비상 대피 계획, 건물의 지진 및 홍수 등 자연 재해에 대한 대비, 그리고 안전한 건축 재료의 선택 등이 있습니다. 또한 정부의 건축 규제 및 안전 기준을 준수하여 건물을 설계하고 건설하는 것이 중요합니다. 이러한 요소들을 고려하여 건축물의 안전성을 향상시킬 수 있습니다."
건축에서 사용되는 지속 가능한 에너지 기술에는 어떤 것들이 있나요?,"건축에서 사용되는 지속 가능한 에너지 기술에는 다음이 포함됩니다.

* 태양 에너지
* 풍력 에너지
* 지열 에너지
* 바이오 매스 에너지
* 초저에너지 건설"
건축 분야에서 에너지 효율을 높이는 기술 중 가장 효과적인 것은 무엇인가요?,"건축 분야에서 에너지 효율을 높이는 기술 중 가장 효과적인 것은 저에너지 건물 설계 및 그린 빌딩 기술입니다. 이러한 기술은 건축물의 열 손실을 줄이고 에너지 효율을 향상시키는 데 중요한 역할을 합니다. 예를 들어, 좋은 단열재 및 창문, 효율적인 난방 및 냉방 시스템, 태양광 및 풍력 발전 등을 활용하여 건물의 에너지 소비를 최소화할 수 있습니다. 이러한 기술을 통해 건축물은 더 나은 환경 성능을 갖추고 에너지 비용을 절감할 수 있습니다."
도시 계획에서 건축가의 역할은 어떻게 변화하고 있나요?,"도시계획에서 건축가의 역할은 다음과 같이 변화하고 있습니다.

* 공공 공간과 인프라를 설계하는 데 대한 참여 증가
* 지속 가능성과 환경 문제에 대한 초점
* 커뮤니티 참여 및 협력 강조
* 기술의 발전과 통합
* 도시 탄력성과 복원력 설계 강조"
도시 계획 분야에서 건축가들이 새로운 기술을 적용하는 추세는 무엇인가요?,"도시 계획 분야에서 건축가들이 새로운 기술을 적용하는 추세는 주로 스마트 시티 기술, 3D 모델링 및 시뮬레이션, 지능형 교통 시스템 등이 있습니다. 스마트 시티 기술은 도시 인프라를 최적화하고 거주자의 생활을 향상시키는 데 중점을 두며, 건축가들은 이를 활용하여 스마트 건물과 연계된 도시 시스템을 설계하고 구축합니다. 또한, 3D 모델링 및 시뮬레이션 기술을 활용하여 도시 디자인을 더욱 효과적으로 계획하고 시뮬레이션할 수 있으며, 지능형 교통 시스템을 통해 도심 교통 흐름을 최적화하여 도시의 효율성을 향상시킵니다. 이러한 기술적 추세는 도시의 지속 가능한 발전과 혁신적인 도시환경 조성을 위해 건축가들에게 중요한 영향을 미치고 있습니다."
최근 건축물에서 스마트 홈 기술의 적용이 증가하는 이유는 무엇인가요?,"최근 건축물에서 스마트 홈 기술의 적용이 증가하는 이유는 다음과 같습니다.

* 편의성 향상: 스마트 홈 기술은 조명, 온도, 보안 시스템 등 주택의 다양한 기능을 자동화하여 편리함을 제공합니다.
* 에너지 효율성 향상: 스마트 홈 기술은 에너지 소비를 모니터링하고 조절하여 에너지 효율성을 향상시킬 수 있습니다.
* 보안 향상: 스마트 홈 기술은 모션 센서, 카메라, 알람 시스템을 통해 보안을 향상시킵니다.
* 가치 증가: 스마트 홈 기술은 주택의 가치를 높일 수 있습니다.
* 접근성 향상: 스마트 홈 기술은 스마트폰이나 음성 제어를 통해 어디서나 주택을 제어할 수 있도록 해서 접근성을 향상시킵니다."
최근 건축물에서 스마트 홈 기술이 주목받는 이유는 무엇인가요?,"최근 건축물에서 스마트 홈 기술이 주목받는 이유는 주로 편의성, 에너지 효율성, 안전성 등이 있습니다. 스마트 홈 기술은 주거 환경을 편리하게 제어하고 모니터링할 수 있는 기능을 제공하여 거주자의 생활을 향상시킵니다. 또한, 에너지 사용을 최적화하고 절약할 수 있는 기능을 제공하여 에너지 효율성을 높이며, 홈 시큐리티 시스템을 통해 거주자의 안전을 강화합니다. 이러한 이유로 스마트 홈 기술은 건축물 산업에서 점점 더 중요한 역할을 하고 있습니다."
건축 설계 과정에서 클라이언트와의 협력을 효과적으로 관리하는 방법은 무엇인가요?,"건축 설계 과정에서 고객과의 협력을 효과적으로 관리하는 방법은 다음과 같습니다.

1. **적극적 의사소통:** 명확하고 정기적으로 의사소통하여 기대사항을 명확히 하고 오해를 피합니다.

2. **명확한 범위 정의:** 프로젝트 범위, 예산, 타임라인을 명시적으로 정의하여 잠재적 갈등을 피합니다.

3. **정기적 검토 회의:** 진행 상황을 검토하고 피드백을 수집하여 조정하고 향상되는 것을 보장합니다.

4. **협력적 태도:** 고객의 의견과 요구를 존중하고 솔루션을 공동으로 개발하는 협력적 태도를 취합니다.

5. **문서화:** 모든 의사 결정과 변경 사항을 명확하게 문서화하여 참고용 기록을 유지하고 책임을 명확히 합니다."
건축 프로젝트에서 클라이언트의 요구 사항을 충족시키기 위한 전략은 무엇인가요?,"건축 프로젝트에서 클라이언트의 요구를 충족시키기 위한 전략으로는 첫째로, 철저한 요구사항 분석과 대화를 통해 클라이언트의 욕구를 이해하는 것이 중요합니다. 둘째로, 디자인 및 계획 단계에서 클라이언트의 피드백을 주고받으며 적극적으로 참여하도록 유도해야 합니다. 셋째로, 일정 및 예산을 준수하면서 프로젝트를 진행하여 클라이언트의 신뢰를 유지해야 합니다. 마지막으로, 공간의 기능성과 ästhetik을 고려하여 클라이언트의 기대를 초과하는 결과물을 제공해야 합니다."
건축에서 적극적 환기 시스템과 수동 환기 시스템의 차이는 무엇인가요?,"**능동적 환기 시스템**은 기계적 수단(예: 팬, 블로워)을 사용하여 공기 순환을 유도하는 반면, **수동적 환기 시스템**은 자연적인 힘(예: 열 상승, 바람)에 의존하여 공기 순환을 유도합니다."
건축물에서 적극적 환기 시스템과 수동 환기 시스템 중 어떤 것을 선택하는 것이 더 효율적인가요?,"건축물에서 적극적 환기 시스템과 수동 환기 시스템 중 효율적인 선택은 건물의 용도, 위치, 환경 등에 따라 다를 수 있습니다. 일반적으로 적극적 환기 시스템은 자동으로 공기를 제어하므로 더 효율적일 수 있지만 초기 투자 비용이 높을 수 있습니다. 반면에 수동 환기 시스템은 설치와 운영이 간단하지만 사용자의 개입이 필요할 수 있습니다. 따라서 특정 건축물에 적합한 시스템을 선택하는 것이 중요합니다."
현대 건축에서 빛의 예술적 활용 사례에는 어떤 것들이 있나요?,"현대 건축에서 빛의 예술적 활용 사례로는 다음과 같은 것들이 있습니다.

* **자연채광 최적화:** 건물에 대량의 자연채광을 도입하여 에너지 소비를 줄이고 건강과 웰빙을 향상시키는 것.
* **인공조명의 창의적인 사용:** 건물의 형태와 기능을 강조하고, 공간 분위기를 조성하기 위한 인공조명의 색상, 강도, 분포 조작.
* **빛의 상호 작용:** 건물의 표면, 재료, 구조와 빛의 상호 작용을 통한 시각적 효과와 감성적 반응 유발.
* **동적 조명:** 시간과 공간에 따라 조명이 변경되도록 프로그래밍하여 특정 분위기나 환경을 조성하는 것.
* **빛의 조각:** 빛 자체를 예술적 매체로 사용하여 건축 공간에 독특하고 몰입적 경험을 제공하는 것."
현대 건축에서 빛을 활용한 창의적인 디자인은 어떤 형태로 나타나고 있나요?,"현대 건축에서 빛을 활용한 창의적인 디자인은 다양한 형태로 나타납니다. 유리 파사드와 스카이라이트를 통해 자연채광을 최대한 활용하는 건축물이 늘고 있으며, LED 조명과 스마트 조명 기술을 활용하여 조명 디자인이 혁신적으로 발전하고 있습니다. 또한 건물 내부의 공간 분할 및 장식적 요소로서 빛을 사용하는 디자인도 많이 나타나고 있습니다."
탄소 중립 건축물을 실현하기 위한 주요 전략은 무엇인가요?,"탄소 중립 건축물 실현을 위한 주요 전략:

1. 에너지 효율성 향상
2. 재생에너지 활용
3. 지속 가능한 건축 자재 사용
4. 탄소 배출량 보상"
탄소 중립 건축물을 구축하는 데 필요한 자금 조달 방안은 무엇인가요?,"탄소 중립 건축물을 구축하는 데 필요한 자금 조달 방안으로는 정부 보조금, 환경 기금, 친환경 투자자들로부터의 투자 등이 있습니다. 정부 보조금은 친환경 건축 프로젝트를 지원하기 위해 제공될 수 있으며, 환경 기금은 탄소 중립 건축물의 개발을 위해 특별히 마련된 자금입니다. 또한 친환경 투자자들로부터의 투자는 탄소 중립 건축물 프로젝트에 자금을 제공하는 또 다른 수단입니다."
건축물에서 미세먼지 저감을 위한 효과적인 방법은 무엇인가요?,"건축물에서 미세먼지 저감을 위한 효과적인 방법:

1. 공기 청정기 설치
2. 환기 개선 및 통풍 증가
3. 식물 벽이나 녹색 지붕 설치
4. 미세먼지 필터 장착
5. 외부 미세먼지 차단을 위한 이중 창 설치"
건축물 내부 공기 질을 향상시키기 위한 기술적인 솔루션은 어떤 것이 있을까요?,"건축물 내부 공기 질을 향상시키는 기술적 솔루션에는 공기 청정 시스템, 자연 채광과 환기 시스템, 건물 재료의 선택 등이 있습니다. 공기 청정 시스템은 먼지, 세균, 유해 물질 등을 필터링하여 공기를 정화합니다. 자연 채광과 환기 시스템은 자연 채광과 신선한 외부 공기를 실내로 유입하여 공기 순환을 도와줍니다. 또한 건물 재료의 선택에는 환경 친화적이고 유해 물질을 배제한 소재를 사용하는 것이 포함됩니다."
건축에서 사운드스케이핑(soundscaping)이 중요한 이유는 무엇인가요?," 건축에서 사운드스케이핑이 중요한 이유는 다음과 같습니다.

* **환경적 편안함 향상:** 소음을 줄이고, 쾌적한 음향 환경을 조성하여 편안함과 안녕감을 향상시킵니다.
* **인지 기능 향상:** 특정 소리가 집중력과 기억력을 향상시켜 교육 및 업무 환경에서 생산성을 높입니다.
* **공간적 인식 향상:** 소리가 공간적 단서를 제공하여 시각적 장애가 있는 사람을 포함한 모든 사람이 공간을 더 잘 탐색할 수 있도록 합니다.
* **정서적 영향:** 소리는 감정을 유도하고 영향을 미쳐 건강과 복지에 도움이 될 수 있습니다.
* **안전성 향상:** 경고 소리와 응급 알림을 통해 안전을 보장합니다."
사운드스케이핑이 건축에 미치는 영향은 무엇인가요?,"사운드스케이핑은 건축에 새로운 차원의 경험과 품질을 부여할 수 있습니다. 이는 건물 내외부의 음향환경을 개선하고, 사용자들에게 편안함을 제공함으로써 건물의 기능성과 쾌적성을 향상시킵니다. 또한, 사운드스케이핑은 건물의 아름다움과 미적 가치를 높일 수 있으며, 공공공간이나 상업시설에서는 손님들에게 더욱 만족스러운 환경을 제공할 수 있습니다."
건축물의 생태적 발자국을 줄이기 위한 설계 원칙에는 어떤 것들이 있나요?,"건축물의 생태적 발자국을 줄이기 위한 설계 원칙은 다음과 같습니다.

1. **수동적 에너지 설계:** 자연 채광, 자연 환기, 태양열 집열 등의 수동적 수단을 통해 에너지 소비를 줄입니다.
2. **재생 가능 에너지 소스 사용:** 태양광, 풍력, 지열 에너지와 같은 재생 가능 에너지 원천을 활용하여 화석 연료에 대한 의존도를 줄입니다.
3. **에너지 효율적인 건재 사용:** 고성능 창문, 단열재, 기기와 같은 에너지 효율적인 건재를 사용하여 에너지 손실을 최소화합니다.
4. **물 절약 설계:** 저유량 배관 설비, 물 회수 시스템, 빗물 수집과 같은 수자원 절약 설계를 통합합니다.
5. **재활용 및 재사용 재료 사용:** 지속 가능한 건축 관행을 장려하고 폐기물을 줄이기 위해 재활용 및 재사용된 재료를 사용합니다."
건축물의 생태적 발자국을 줄이기 위한 설계 원칙을 적용하는데 가장 어려운 점은 무엇인가요?,"건축물의 생태적 발자국을 줄이기 위한 설계 원칙을 적용하는 가장 어려운 점은 기술적인 한계와 비용 문제입니다. 새로운 환경 친화적 기술이나 재료를 도입하고 유지하기 위해서는 초기 비용이 높을 수 있으며, 기존의 건축 관행을 변경하는 데에도 일정한 제약이 있을 수 있습니다. 또한, 생태적 설계에 필요한 전문적인 지식과 기술을 확보하는 것도 도전적일 수 있습니다."
도시 내 열섬 효과(urban heat island effect)를 완화하기 위한 건축 전략은 무엇인가요?," 도시 내 열섬 효과를 완화하기 위한 건축 전략은 다음과 같습니다.

   * 채광 및 자연환기를 극대화하기 위한 건물 설계
   * 태양 복사선을 차단하는 차양, 창문 코팅 및 지붕 색상의 사용
   * 에너지 효율적인 기기 및 조명 사용
   * 녹지화, 물 기능 및 투수성 포장 도로를 통한 냉각 효과
   * 열 저장 및 방출을 위한 열질량 사용

 이러한 전략은 건물 내부 온도를 낮추고, 도시 전체의 기온을 낮추며, 열섬 효과를 완화하는 데 도움이 됩니다."
도시 내 열섬 효과를 완화하기 위한 도시 계획 방안은 무엇인가요?,"도시 내 열섬 효과를 완화하기 위한 도시 계획 방안으로는 녹지 확대, 지속가능한 건축물 설계 및 자연적 통풍 경로 보존 등이 있습니다. 녹지 확대는 도시 내 식물을 심어 열을 흡수하고 공간을 냉각하는 데 도움이 되며, 지속가능한 건축물 설계는 건물의 열 흡수를 줄여 열섬 효과를 완화합니다. 또한, 자연적 통풍 경로를 보존하여 바람의 순환을 촉진하고 열을 제거함으로써 도시 내 열섬 효과를 완화할 수 있습니다."
장애물 없는 디자인(universal design)을 적용한 건축물의 예시는 무엇인가요?,"장애물 없는 디자인(유니버설 디자인)을 적용한 건축물의 예시로는 다음이 있습니다.

* 벤치, 수도, 엘리베이터 등의 모든 사람이 이용할 수 있는 공공 시설을 갖춘 공원
* 경사로, 넓은 문, 음성 안내 장치가 설치된 장애인 접근성이 우수한 건물
* 다양한 키와 신체 능력을 고려한 다양한 높이의 조리대와 식탁을 갖춘 주방
* 청각 장애인을 위한 자막을 제공하는 영화관 및 극장
* 시각 장애인을 위한 점자 표지와 음성 안내가 있는 상점 및 기타 공공 장소"
장애물 없는 디자인이 건축물에 어떤 영향을 미치나요?,"장애물 없는 디자인은 건축물의 접근성을 향상시키고, 장애인 및 노인과 같은 취약계층의 이동을 용이하게 합니다. 이로써 사회적 포용성을 높이고 다양한 사용자들에게 더 나은 이용 경험을 제공할 수 있습니다. 또한, 장애물 없는 디자인은 건물의 가치를 높이고 건축물이 지역사회에 긍정적인 영향을 미칠 수 있도록 합니다."
건축에서 활용되는 가장 혁신적인 재생 가능 에너지 기술은 무엇인가요?,태양광 발전 기술이 건축 분야에서 가장 혁신적이고 많이 활용되는 재생 가능 에너지 기술입니다. 태양광 패널을 건물 지붕이나 외벽에 설치하여 태양빛을 전기로 변환하여 건물에 전력을 공급하는 데 사용됩니다.
건축 분야에서 가장 효율적인 재생 가능 에너지 시스템은 무엇인가요?,"건축 분야에서 가장 효율적인 재생 가능 에너지 시스템은 태양 에너지 시스템입니다. 태양광 패널은 태양 에너지를 전기로 변환하는 기술을 이용하여 건물의 전력 공급을 지속 가능하게 합니다. 이 시스템은 친환경적이고 재생 가능한 에너지원으로 알려져 있으며, 태양 에너지의 무한한 공급과 친환경적인 특성으로 건축 분야에서 널리 활용되고 있습니다."
도시 공간에서 비오는 날 물 관리를 최적화하는 건축 솔루션은 무엇인가요?,"도시 공간에서 비오는 날 물 관리를 최적화하는 건축 솔루션은 다음과 같습니다.

* **녹색 지붕과 벽:** 비를 흡수하고 침투시켜 유출량을 줄입니다.

* **투수성 포장재:** 비가 지면으로 스며들어 지하수를 보충하고 유출량을 줄입니다.

* **우수 집수 시스템:** 비를 수집하여 관개나 재이용 목적으로 활용합니다.

* **저류지와 빗물 가든:** 과도한 유출량을 저장하고 서서히 방출하여 하수 시스템에 부담을 줄입니다.

* **천연 습지와 수로:** 비를 흡수하고 여과하여 수질을 개선합니다.

* **친환경 지침:** 개발자와 건축가에게 친환경 관행을 장려하여 유출량을 최소화합니다.

* **educating:** 일반인에게 비 관리 관행에 대한 인식을 높이는 활동을 통해 대중의 지지를 확보합니다."
도시 공간에서 비오는 날 물 관리를 최적화하는 건축 솔루션을 구현하기 위해 필요한 기술은 무엇인가요?,"도시 공간에서 비오는 날 물 관리를 최적화하는 건축 솔루션을 구현하기 위해 필요한 기술에는 다양한 것이 있습니다. 지속가능한 도시 계획과 재생에너지 시스템을 활용한 우수한 배수 시스템, 친환경 재료를 활용한 침수 방지 시스템, 비 수거와 재활용을 위한 인프라 등이 있습니다. 또한 지능형 빌딩 기술과 IoT 기반의 물 관리 시스템도 효과적입니다."
건축물의 외관 디자인에 현대적인 미학을 반영하는 요소는 무엇인가요?," 명확한 선과 단순한 형태
 다양한 재료와 질감 사용
 자연광과 환경적 지속 가능성 고려
 혁신적인 구조적 요소
 기술 통합과 스마트 건물 요소"
건축물의 외관을 디자인할 때 현대적인 감각을 고려하는데 가장 중요한 점은 무엇인가요?,"건축물의 외관을 현대적으로 디자인할 때 가장 중요한 점은 적절한 비례와 균형을 유지하는 것입니다. 각 요소가 조화롭게 어우러져야 하며, 현대적인 감각을 반영하면서도 기능성을 갖추어야 합니다. 또한 현대적인 재료와 기술을 활용하여 지속가능성을 고려하는 것이 중요합니다. 디자인은 단순히 시대적인 트렌드를 반영하는 것이 아니라, 장기적인 아름다움과 기능성을 고려해야 합니다."
건축 프로젝트에서 사전 계획 단계의 중요성은 무엇인가요?,"사전 계획 단계는 건축 프로젝트의 성공에 필수적입니다. 프로젝트의 범위와 요구 사항을 명확하게 정의하며, 프로젝트의 목표 달성에 도움이 되는 전략을 개발합니다. 또한 비용, 시간, 자원 배분에 대한 현실적인 예상치를 제공하여 프로젝트의 성공적인 실행을 보장하는 데 도움이 됩니다."
건축 프로젝트에서 사전 계획을 제대로 수립하지 않으면 어떤 문제가 발생할 수 있나요?,"사전 계획이 부족한 건축 프로젝트는 여러 문제를 야기할 수 있습니다. 먼저, 예산 초과와 일정 지연이 발생할 수 있으며, 이는 프로젝트의 비효율성과 추가 비용을 초래합니다. 또한 설계의 일관성 부족으로 인해 건물의 기능성과 äesthetics가 저하될 수 있습니다. 기술적인 문제나 안전 문제도 발생할 수 있으며, 이는 건물의 안정성과 사용자의 안전을 위협할 수 있습니다. 마지막으로, 이해관계자들 간의 의사소통 부족으로 인해 혼란과 갈등이 발생할 수 있습니다."
신축 공동주택 실내마감공사 하자의 주요 원인은 무엇인가요?,"주요 원인은 다음과 같습니다.

* 공사 시공 불량
* 설계 도면의 미비 또는 오류
* 자재의 성능 및 품질 불량
* 시공 기간 단축에 따른 품질 저하
* 감독 및 검사의 미흡"
신축 공동주택 실내마감공사에서 발생하는 하자를 예방하기 위한 방법은 무엇인가요?,"신축 공동주택의 실내마감공사에서 하자를 예방하기 위해선 먼저 품질 표준을 엄격히 준수해야 합니다. 또한 시공 전 공정에서 적절한 감독과 검사가 이루어져야 하고, 재료 선택과 시공 과정에서의 신중한 관리가 필요합니다. 마감재의 특성과 사용환경을 고려하여 적합한 재료 및 방법을 선택하는 것도 중요합니다. 마지막으로, 시공 후에도 정기적인 유지보수 및 검사를 통해 잠재적인 문제를 조기에 발견하고 처리해야 합니다."
도배공사 하자 예방을 위한 가장 효과적인 방법은 무엇인가요?,"시공 전 사전 조사 및 준비, 숙련된 도배공 확보, 적절한 도료 및 재료 선택, 시공 중 엄격한 품질 관리, 시공 후 정기 점검 및 유지 보수"
도배공사 시공 후 유지보수를 위한 필수적인 조치는 무엇인가요?,도배공사 시공 후 유지보수를 위해 필수적인 조치로는 먼저 균등하고 적절한 방법으로 건조를 해야 합니다. 그리고 필요한 경우 물방울이나 습기를 흡수하기 위해 적절한 방법으로 방수 처리를 해야 합니다. 또한 시공 후에는 바닥의 변형이나 파손을 감지하고 조치할 수 있는 체계적인 점검이 필요합니다.
목질계 바닥재공사에서 가장 빈번하게 발생하는 하자 유형은 무엇인가요?,"목질계 바닥재 공사에서 가장 빈번하게 발생하는 하자 유형은 다음과 같습니다.

- 바닥재의 수축 또는 팽창으로 인한 이음부의 개폐
- 바닥재의 휘어짐 또는 처짐
- 바닥재의 긁힘 또는 홈짐
- 바닥재의 변색 또는 탈색
- 바닥재의 균열 또는 파손"
목질계 바닥재공사에서 가장 흔히 발생하는 하자 유형은 무엇인가요?,"목질계 바닥재공사에서 흔히 발생하는 하자 중 하나는 틈새 또는 갈라진 부분이 있습니다. 이러한 하자는 재료의 수축 또는 확장, 부주의한 시공 또는 과도한 하중으로 인해 발생할 수 있습니다. 또한 바닥재가 불균일하게 설치되거나 지지체의 불안정성으로 인해 흔히 발생할 수 있습니다."
실내 마감공사 하자 접수 시 가장 많이 보고되는 문제는 무엇인가요?,"실내 마감공사 하자 접수 시 가장 많이 보고되는 문제는 바닥 공사의 문제입니다. 바닥 공사의 하자는 바닥재의 휨, 균열, 긁힘, 긁힘, 그리고 바닥재와 하부 바닥 사이의 결합 문제가 포함됩니다."
실내 마감공사에서 발생하는 주요 하자들은 무엇인가요?,"실내 마감공사에서 주로 발생하는 주요 하자로는 균열, 굳어짐, 미끄러짐, 부식, 수분 침입 등이 있습니다. 균열은 건축물의 변형이나 잘못된 시공으로 인해 발생할 수 있으며, 굳어짐은 시공 중 품질 관리가 소홀히 되거나 재료의 품질이 낮을 때 발생할 수 있습니다. 미끄러짐은 바닥재나 벽면에 적절한 마감이 되지 않았을 때 발생하며, 부식은 재료의 노후나 환경 요소로 인해 발생할 수 있습니다. 수분 침입은 건물 구조물에 수분이 침투하여 마감재의 변형이나 손상을 초래할 수 있습니다."
공동주택 내부 마감에서 사용자의 불만을 가장 많이 유발하는 하자는 무엇인가요?,"내부 마감에서 가장 빈번한 하자로는 벽체 균열, 바닥재 박리, 도색 벗짐 등이 있습니다. 이러한 하자는 내부 공간의 미관적 측면뿐만 아니라 주거자의 건강과 안전에 영향을 미칠 수 있습니다. 따라서 시공 시 정확한 시공 순서와 적절한 재료 사용이 중요합니다. 또한 공사 감독자의 꼼꼼한 검사를 통해 하자를 미리 예방하는 것이 필수적입니다."
공동주택 내부 마감에서 사용자의 만족도를 높이는데 가장 중요한 요소는 무엇인가요?,"공동주택 내부 마감에서 사용자의 만족도를 높이는 가장 중요한 요소는 디자인과 품질입니다. 사용자가 마감재의 시각적인 매력과 품질에 만족하면서 동시에 편안함을 느낄 수 있어야 합니다. 또한 기능성과 편의성도 중요한데, 사용자들이 편리하게 이용할 수 있는 구조와 시설을 갖추어야 합니다."
신축 공동주택 실내 마감에서 발생한 하자를 효율적으로 관리하는 방법은 무엇인가요?,"건설업체와 소유자 간의 정기적인 의사소통 및 감독, 명확한 하자 정의 및 분류, 하자 처리 절차 표준화, 하자 관리 시스템 구축, 하자 보수 및 예방 조치 시행 등을 통해 하자를 효율적으로 관리할 수 있습니다."
신축 공동주택 실내 마감에서 발생한 하자를 방지하기 위한 전략은 무엇인가요?,"신축 공동주택의 실내 마감에서 발생하는 하자를 방지하기 위한 전략은 몇 가지 있습니다. 첫째, 품질 우선의 재료를 선택하여 내구성과 성능을 보장합니다. 둘째, 정기적인 감리와 품질 검사를 실시하여 오류를 조기에 발견하고 수정합니다. 셋째, 훈련된 인력을 고용하여 전문적인 시공을 보장합니다. 마지막으로, 의사소통과 협력을 강화하여 모든 당사자 간에 정보를 공유하고 문제를 해결합니다."
도배공사 하자를 줄이기 위해 건설업체가 취해야 할 조치는 무엇인가요?," 도배공사 하자를 줄이기 위해 건설업체가 취해야 할 조치는 다음과 같습니다.

- 적합한 도료 및 재료 선택
- 표면 적절한 준비
-  숙련된 도배공 고용
-  적절한 환경 조건 유지
- 철저한 검사 및 품질 관리"
도배공사를 최소화하기 위해 건설업체가 적용할 수 있는 방법은 무엇인가요?,"도배공사를 최소화하기 위해 건설업체는 몇 가지 전략을 활용할 수 있습니다. 첫째, 품질 우선의 재료를 선택하여 내구성을 향상시키고 문제 발생 가능성을 줄입니다. 둘째, 훈련된 전문가들이 시공을 담당하여 오류를 최소화합니다. 셋째, 정기적인 품질 검사와 유지보수를 실시하여 문제를 조기에 발견하고 수정합니다. 마지막으로, 효율적인 의사소통과 협력을 통해 모든 당사자 간에 이해관계를 확립하여 오류를 방지합니다."
목질계 바닥재공사 하자의 근본적인 원인과 그 해결책은 무엇인가요?,"목질계 바닥재공사 하자의 근본적인 원인:

* 부적절한 재료 선택 또는 보관
* 부적절한 설치 기법 사용
* 건조 과정 관리 부족

해결책:

* 적합한 재료 선택 및 보관
* 제조업체 권장 사항에 따른 설치 기법 엄수
* 적절한 건조 과정 유지, 습도 및 온도 모니터링"
"목질계 바닥재공사 하자가 발생하는 주요 요인은 무엇이며, 이를 해결하기 위한 방법은 무엇인가요?","목질계 바닥재공사 하자가 발생하는 주요 요인은 부적절한 재료 선택, 부실한 시공 기술, 그리고 적절하지 않은 유지보수입니다. 이를 해결하기 위해서는 품질 우선의 재료를 선택하고, 훈련을 받은 전문가들이 시공을 담당해야 합니다. 또한 정기적인 유지보수와 검사를 통해 문제를 예방하고 조기에 해결하는 것이 중요합니다."
실내 마감공사 하자 발생 시 입주민의 대응 방안은 무엇인가요?,"실내 마감공사 하자 발생 시 입주민의 대응 방안으로는 다음이 있습니다.

1. 계약서 및 관련 서류 확인
2. 하자 확인 및 증거 수집
3. 시공사와 협의 및 보수 요청
4. 소비자 분쟁 해결 기관 신청
5. 소송 제기"
실내 마감공사 중 발생하는 하자를 방지하기 위한 방법은 무엇이 있을까요?,"실내 마감공사 중 발생하는 하자를 방지하기 위해선 정확한 계획과 설계를 바탕으로 품질 관리를 강화하고, 정기적인 감사와 검사를 실시하여 초기에 문제를 발견하고 수정해야 합니다. 또한 훈련된 인력을 확보하고 재료의 품질을 확인하여 실수와 불량을 최소화해야 합니다. 의사소통을 원활히 하고 협력사 간의 업무 프로세스를 명확히 정의하여 오해나 오류를 방지하는 것도 중요합니다."
공동주택 실내 마감공사 하자 보수 후 재발을 방지하기 위한 조치는 무엇인가요?,"공동주택 실내 마감 공사 하자 보수 후 재발 방지 조치:

1. 원인 분석 및 대책 수립
2. 시공품질 관리 강화
3. 재료 및 시공법 개선
4. 시공 감독 및 검사 강화
5. 입주자 교육 및 의견 반영"
공동주택 실내 마감공사에서 하자 발생을 최소화하기 위한 방법은 무엇인가요?,"공동주택 실내 마감공사에서 하자 발생을 최소화하기 위한 방법으로는 품질 관리 체계의 강화, 정기적인 감사 및 검사, 교육 및 훈련 프로그램의 시행, 효과적인 의사소통과 협력 강화, 그리고 고객 만족을 위한 서비스 향상 등이 중요합니다. 또한 공정한 계약 및 협력사의 선정, 표준 및 규정 준수, 그리고 최신 기술 및 재료의 도입도 고려되어야 합니다."
하자보수 과정에서 가장 흔히 발생하는 문제와 그 해결 방법은 무엇인가요?,"하자 보수 과정에서 가장 흔히 발생하는 문제는 다음과 같습니다.

1. **계약서 작성의 부실**: 명확하지 않거나 불완전한 계약서는 분쟁의 주요 원인입니다.
2. **의사소통 문제**: 건축주, 계약자, 설계자 간의 의사소통 문제는 오해와 지연으로 이어질 수 있습니다.
3. **재정적 문제**: 예기치 않은 비용이나 지연 지불은 프로젝트를 지연시킬 수 있습니다.
4. **일정 지연**: 날씨, 노동력 부족, 허가 지연 등은 프로젝트 일정에 영향을 미칠 수 있습니다.
5. **품질 문제**: 하위 계약자의 부적절한 작업 또는 저품질 재료는 복구가 필요한 하자로 이어질 수 있습니다.

이러한 문제를 해결하려면 다음과 같은 조치를 취하세요.

1. 명확하고 포괄적인 계약서 작성
2. 의사소통 채널 설정 및 개방 유지
3. 현실적인 예산 및 예상치 못한 비용 대비
4. 일정 위험 관리 및 계획
5. 품질 관리 절차 구현 및 모니터링"
하자보수 과정에서 발생하는 문제를 최소화하기 위한 전략은 무엇인가요?,"하자보수 과정에서 발생하는 문제를 최소화하기 위한 전략으로는 철저한 사전 점검과 계획 수립, 품질 관리 시스템의 강화, 효율적인 작업 일정 및 자원 관리, 그리고 신속하고 정확한 의사소통과 협력이 필요합니다. 또한, 경험이 풍부한 전문가의 참여와 교육을 통해 직원의 기술과 이해를 향상시키는 것도 중요합니다."
공동주택 실내마감공사의 하자 예방을 위한 설계 단계에서의 고려사항은 무엇인가요?,"공동주택 실내 마감 공사 하자 예방을 위한 설계 단계 고려 사항:

- 세부 설계도면의 정확성과 명료성 확보
- 재료 및 공법의 적합성 검토
- 시공 가능성 및 유지보수성 고려
- 표준 세부 사항 및 규격화된 공법 적용
- 신축 및 수축, 균열 등의 구조적 거동 고려
- 사용자 요구 사항 및 라이프스타일 반영
- 시공 중 품질 검사 및 모니터링 계획 수립"
공동주택 실내마감공사에서 발생하는 하자를 최소화하기 위한 시공 과정에서의 주요 요소는 무엇인가요?,"공동주택 실내마감공사에서 발생하는 하자를 최소화하기 위한 시공 과정에서의 주요 요소로는 철저한 품질 관리와 감독, 적절한 자재 선택과 사용, 정확한 시공 기술과 절차 준수, 그리고 시공 전반에 걸친 효과적인 의사소통과 협력이 중요합니다. 또한, 시공 중 발생하는 문제에 대한 신속한 대응과 적절한 조치도 필수적입니다."
도배공사와 목질계 바닥재공사에서 하자를 최소화하기 위한 자재 선택 기준은 무엇인가요?,"도배공사

1. 내구성과 방습성이 우수한 페인트 선택
2. 자재와 페인트의 호환성 확인
3. 환경 친화적이고 낮은 VOC 페인트 선호

목질계 바닥재공사

1. 목재 종류에 따른 특성 고려 (경도, 내구성, 방수성)
2. 설치 환경과 목재 종류의 적합성 검토
3. 목재 표면 처리 방법과 재료 선택 (오일, 스테인, 폴리우레탄)"
도배공사와 목질계 바닥재공사에서 사용되는 주요 재료는 무엇인가요?,"도배공사에서 사용되는 주요 재료로는 도배용 접착제, 도배재(타일, 벽지 등), 그라우트(바락, 실리콘) 등이 있습니다. 목질계 바닥재공사에서는 목재 바닥재(판자재, 대판 등), 접착제, 밑장재(합판, 시멘트 보드) 등이 주로 사용됩니다. 이러한 재료들은 각각의 시공 단계에서 적절하게 선택되고 사용되어야 합니다."
"실내 마감공사 하자 발생 비율이 높은 이유는 무엇이며, 어떻게 개선할 수 있나요?","실내 마감 공사 하자 발생 비율이 높은 이유:

* 설계 미비 및 변경
* 시공사의 기술 부족
* 재료의 품질 문제
* 감독의 부족

개선 방법:

* 상세한 설계 검토 및 사전 조율
* 숙련된 시공사 선정 및 교육
* 고품질 재료 사용
* 철저한 감독 및 검사"
실내 마감공사에서 발생하는 하자를 방지하기 위해 어떤 절차나 시스템을 도입할 수 있을까요?,"실내 마감공사에서 발생하는 하자를 방지하기 위해 품질 관리 시스템을 도입할 수 있습니다. 이를 위해 각 단계마다의 품질 검사 절차를 마련하고, 정기적인 현장 감독을 실시하여 공정을 철저히 관리해야 합니다. 또한 공정 중 발생 가능한 결함을 사전에 예방하기 위해 표준 작업 절차서를 개발하고, 정기적인 교육 프로그램을 통해 작업자들에게 역량을 강화하는 것이 필요합니다. 이러한 절차와 시스템을 통해 하자를 최소화할 수 있습니다."
입주 전 실내 마감공사의 품질을 확인하는 가장 좋은 방법은 무엇인가요?,입주 전 실내 마감 공사의 품질을 확인하는 가장 좋은 방법은 전문가의 도움을 받는 것입니다. 공사가 완료되면 인테리어 디자이너 또는 건축가와 함께 현장 검사를 실시하여 품질을 철저히 확인할 수 있습니다.
실내 마감공사의 품질을 향상시키기 위한 가장 효과적인 전략은 무엇인가요?,"실내 마감공사의 품질을 향상시키는 가장 효과적인 전략은 철저한 감독 및 품질 관리입니다. 공사 현장에서 특히 세심한 주의를 기울여 모든 단계를 검사하고, 표준 및 규정을 준수하는 것이 중요합니다. 또한 전문적인 기술을 보유한 우수한 건설 업체와 협력하여 고품질의 자재 및 장비를 사용하는 것이 필요합니다. 이를 통해 결함을 최소화하고 내구성을 높일 수 있습니다."
공동주택 실내 마감공사 하자 보수비용을 줄이는 방법은 무엇인가요?,"**질문:** 공동주택 실내 마감공사 하자 보수비용을 줄이는 방법은 무엇인가요?

**정답:**

1. 공사 전 상세한 설계 및 검토
2. 신뢰할 수 있는 시공사 선정
3. 정기적인 공사 감독 및 검사
4. 고품질 재료 사용
5. 작업자 교육 및 훈련"
공동주택 실내 마감공사에서 가장 효율적인 절약 방법은 무엇인가요?,"공동주택 실내 마감공사에서 효율적인 절약 방법 중 하나는 에너지 효율적인 재료 및 설비를 사용하는 것입니다. LED 조명 및 저에너지 창호재 등의 사용으로 전력 소비를 줄일 수 있습니다. 또한 재활용 가능한 자재를 활용하고, 생산 및 폐기 과정에서의 에너지를 절약할 수 있는 방법을 채택할 수 있습니다. 이러한 접근 방식은 환경에도 친화적이며 장기적으로 비용을 절감할 수 있습니다."
도배공사에서 발생하는 하자의 대부분은 어떤 유형에서 발생하나요?,"
도배 공사 시 발생하는 대부분의 문제점은 재료의 질이나 사용 방법에 관련된 것입니다. 제대로 된 접착제 선택과 올바른 시공 방법을 따르지 않으면 벽지가 제대로 붙지 않거나 시간이 지나면서 벗겨질 수 있습니다.




"
도배공사에서 발생하는 하자를 방지하기 위해 어떤 절차를 따라야 하나요?,"도배공사에서 하자를 방지하기 위해선 몇 가지 핵심 절차를 따라야 합니다. 먼저, 적합한 재료를 선택하고 품질을 확인해야 합니다. 그리고 자격 있는 전문가에게 작업을 맡겨야 하며, 작업 전에는 충분한 계획과 설계를 수립해야 합니다. 작업 중에는 정기적인 품질 감사와 현장 감독이 이루어져야 하며, 작업이 완료된 후에도 품질 검사와 보수가 필요합니다. 마지막으로, 고객과의 원활한 의사 소통을 유지하여 문제가 발생했을 때 신속하게 대응할 수 있어야 합니다."
목질계 바닥재공사 하자 발생 시 실내 환경에 미치는 영향은 무엇인가요?,"목재 바닥재의 결함으로 인한 건강 문제로는 다음이 있습니다.

* 가스 방출: 접착제, 페인트 및 기타 마감재에서 유해 가스가 방출되어 실내 공기 질에 문제를 일으킬 수 있습니다.
* 천식 및 알레르기: 습기나 곰팡이로 인해 악화될 수 있는 호흡기 문제를 악화시킬 수 있습니다.
* 두통 및 메스꺼움: 유해 가스에 노출되면 두통, 메스꺼움 및 기타 증상이 나타날 수 있습니다.

이러한 문제를 피하려면 환기가 잘 되는 환경을 유지하고, 낮은 VOC(휘발성 유기 화합물) 방출 제품을 사용하고, 정기적으로 바닥재를 청소하는 것이 중요합니다."
목질계 바닥재공사 시 발생하는 먼지나 화학물질이 실내 환경에 미치는 영향은 무엇인가요?,"목질계 바닥재공사 시 발생하는 먼지와 화학물질은 건강에 부정적인 영향을 줄 수 있습니다. 먼지는 호흡기 질환을 유발할 수 있으며, 화학물질은 피부나 눈에 자극을 줄 수 있습니다. 특히, VOCs와 같은 유해한 화학물질은 실내 공기 질을 저하시키고, 건강 문제를 유발할 수 있으므로 주의가 필요합니다. 따라서 공사 중에는 적절한 환기 및 보호장비를 사용하여 노출을 최소화해야 합니다. 또한 건설자들은 친환경적이고 안전한 재료를 사용하여 환경 오염을 최소화하는 것이 중요합니다."
신축 공동주택의 실내 마감 하자 보수 과정에서 가장 중요한 고려사항은 무엇인가요?,"신축 공동주택의 실내 마감 하자 보수 과정에서 가장 중요한 고려 사항은 다음과 같습니다.

1. 하자의 원인 파악: 하자의 근본적인 원인을 파악하여 재발 방지를 위해 철저한 조사가 필요합니다.
2. 적절한 보수 방법 선택: 하자의 유형과 심각성에 따라 가장 적합한 보수 방법을 선택하는 것이 중요합니다.
3. 숙련된 전문가 참여: 실내 마감 보수에는 숙련된 건설업자와 장인이 필요합니다.
4. 품질 관리 강화: 보수 과정 전반에 걸쳐 엄격한 품질 관리 절차를 구현하여 추가 하자 발생을 방지합니다.
5. 고객 만족 보장: 보수된 실내 마감이 원래 사양과 고객 기대치를 충족하는지 확인합니다."
신축 공동주택의 실내 마감 하자 보수에 필요한 전문 업체는 어떻게 선정해야 하나요?,"신축 공동주택의 실내 마감 하자 보수에 필요한 전문 업체를 선정할 때는 몇 가지 중요한 요소를 고려해야 합니다. 먼저, 업체의 경험과 전문성을 확인해야 합니다. 이를 위해 이전의 프로젝트 경험과 고객 평가를 살펴보고, 관련 자격과 인증을 갖추었는지 확인해야 합니다. 또한 업체의 기술과 재료 사용에 대한 이해도를 평가해야 하며, 견적을 비교하여 비용 대비 품질을 확인해야 합니다. 마지막으로, 업체의 보증 및 애프터 서비스 제공 여부도 고려해야 합니다."
"공동주택 실내마감공사 하자 발생 시, 하자의 식별과 보고 절차는 어떻게 되나요?","Q: 공동주택 실내마감공사 하자 발생 시, 하자의 식별과 보고 절차는 어떻게 되나요?

**답변:**

1. **하자 식별:** 입주자는 입주 시 확인서에 하자 사항을 기재하고, 시공사에 제출
2. **하자 보고:** 시공사는 하자 확인 후 15일 이내에 관련 기관에 보고
3. **조사 및 조치:** 관련 기관은 하자 조사 후 시공사에 조치 명령
4. **조치 이행:** 시공사는 지정된 기한 내에 하자 조치 완료 후 입주자에게 인계"
"공동주택 실내마감공사 하자 발생 시, 하자 보고서 작성 시 주의해야 할 사항은 무엇인가요?","공동주택 실내마감공사 하자 발생 시 하자 보고서 작성 시 주의해야 할 사항은 다음과 같습니다. 먼저, 하자의 종류와 심각성을 명확하게 기록해야 합니다. 그리고 하자의 위치와 크기를 정확히 기술하고, 사진 또는 도면을 첨부하여 시각적으로 명확하게 보여주어야 합니다. 추가로, 하자 발견 시기와 조치 계획을 명시하고, 보고서를 작성한 담당자의 성명과 연락처를 첨부하여 책임의 명확성을 확보해야 합니다."
도배공사 하자를 식별하는 데 있어 가장 효과적인 기법은 무엇인가요?,"건물 외부를 시각적으로 검사하는 것이 가장 효과적인 것입니다. 이는 균열, 떨어진 부분, 얼룩, 곰팡이 또는 이끼 성장을 확인할 수 있습니다. 또한 건물 내부를 검사하여 습기나 수분 누출 흔적이 있는지 확인하는 것도 중요합니다."
도배공사를 방지하는 데 가장 효과적인 방법은 무엇인가요?,"도배공사를 방지하는 가장 효과적인 방법은 세밀한 사전 계획과 적절한 시공 품질 관리입니다. 초기 설계 단계부터 적합한 재료와 방법을 선택하여 수행하는 것이 중요합니다. 또한, 정기적인 현장 감독과 품질 검사를 통해 공정을 철저히 관리하고 시공 과정에서 발생할 수 있는 문제점을 미리 예방하는 것이 필요합니다."
목질계 바닥재공사 하자 보수 시 고려해야 할 환경적 요인은 무엇인가요?,"질문: 목질계 바닥재공사 하자 보수 시 고려해야 할 환경적 요인은 무엇인가요?

대답: 목질계 바닥재공사 하자 보수 시 고려해야 할 환경적 요인으로는 온도와 습도가 있습니다. 이러한 요인들은 목재의 수축과 팽창에 영향을 미쳐 하자의 원인이 될 수 있습니다. 따라서 보수 시 온도와 습도를 적절하게 관리하는 것이 중요합니다."
목질계 바닥재공사 시 고려해야 할 환경적 요인은 무엇인가요?,"목질계 바닥재공사 시 고려해야 할 환경적 요인으로는 재료의 지속가능성과 생산과정에서 발생하는 환경 부담 등이 있습니다. 지속가능한 재료 선택과 재활용 가능성을 고려하여 자원 소모와 환경 영향을 최소화해야 합니다. 또한, 생산 및 시공과정에서 발생하는 폐기물 및 오염물질을 관리하여 환경 오염을 방지하는 것이 중요합니다."
실내 마감공사 하자와 관련된 민원을 줄이기 위한 건설업체의 역할은 무엇인가요?,"건설업체는 다음과 같은 역할을 통해 실내 마감 공사 하자에 대한 민원을 줄일 수 있습니다.

1. **적합한 재료 및 시공법 선택:** 고품질 재료를 선택하고 업계 표준에 따른 시공법을 사용하는 것은 하자 발생을 예방하는 데 중요합니다.

2. **숙련된 인력 고용:** 숙련되고 경험이 풍부한 인력은 하자 없는 시공을 보장하는 데 도움이 됩니다.

3. **철저한 시공 현장 관리:** 현장을 철저히 관리하면 문제를 조기에 식별하고 해결하여 하자를 방지할 수 있습니다.

4. **품질 검사 및 보증:** 정기적인 품질 검사와 보증 제공은 하자를 줄이는 데 도움이 되며 고객의 신뢰를 구축합니다.

5. **고객 커뮤니케이션 향상:** 고객과 명확하고 정기적으로 의사소통을 하면 기대치를 명확히 하여 분쟁을 예방하는 데 도움이 될 수 있습니다.

6. **하자 예방 교육:** 건설업체는 하자 예방을 위한 교육을 직원에게 제공하여 지식과 기술을 향상시킬 수 있습니다."
실내 마감공사에서 발생하는 민원을 최소화하기 위한 건설업체의 노력은 어떤 것이 있나요?,"실내 마감공사에서 발생하는 민원을 최소화하기 위한 건설업체의 노력으로는 품질 관리 강화, 원활한 의사소통 제공, 고객 교육 등이 있습니다. 품질 관리 강화는 공정 감독 및 검사를 통해 하자 발생을 예방하고 품질을 향상시키는 데 중요합니다. 또한, 건설업체는 고객과의 원활한 의사소통을 유지하여 요구 사항을 이해하고 충족시키는 데 노력해야 합니다. 마지막으로, 고객에게 적절한 교육을 제공하여 건설과정을 이해하고 하자를 예방하는 데 도움을 줄 수 있습니다."
공동주택 실내마감공사에서 하자 분가로?,"공동주택 실내마감공사에서 발생하는 하자 유형은 다음과 같습니다.

* 바닥재의 균열, 긁힘 또는 변색
* 벽지 또는 페인트의 균열, 벗겨짐 또는 얼룩
* 창문이나 문의 결함, 예: 변형, 누수 또는 드래프트
* 전기 또는 배관 문제, 예: 불량 배선, 누수 파이프
* 조명기구의 결함, 예: 깜박거림, 윙윙거림 또는 과열"
공동주택 실내마감공사에서 주로 사용되는 재료는 무엇인가요?,"공동주택 실내마감공사에서 주로 사용되는 재료는 석고보드, 목재, 벽지, 도배재 등이 있습니다. 석고보드는 벽면 및 천장의 마감재로 널리 사용되며, 목재는 바닥재나 벽재로 활용됩니다. 또한, 벽지는 벽면을 장식하는 데 사용되고, 도배재는 벽면을 마감하는 데 주로 사용됩니다. 이러한 재료들은 공동주택의 실내마감공사에서 일반적으로 사용되는 것으로 알려져 있습니다."
도배공사와 목질계 바닥재공사 하자의 공통적인 발생 요인은 무엇인가요?,"
도배 및 목질계 바닥재 공사에서의 하자는 주로 재료의 품질 부족, 부적절한 시공 방법, 그리고 환경 조건 미흡에 기인합니다."
도배공사와 목질계 바닥재공사 하자를 예방하기 위한 가장 효과적인 방법은 무엇인가요?,"도배공사와 목질계 바닥재공사 하자를 예방하기 위한 가장 효과적인 방법은 정확한 계획과 철저한 시공 감독입니다. 먼저, 품질 우선의 자재를 선택하고, 시공 전 적절한 검토와 테스트를 거쳐야 합니다. 또한, 시공 중에는 자세한 시공 절차를 준수하고 품질 감독을 철저히 실시해야 합니다. 추가적으로, 시공 후 정기적인 유지보수와 검사를 통해 하자가 발생하지 않도록 지속적으로 관리해야 합니다."
신축 공동주택의 실내마감공사 하자를 줄이기 위한 예방 조치에는 어떤 것들이 있나요?,"Q: 신축 공동주택의 실내마감공사 하자를 줄이기 위한 예방 조치에는 어떤 것들이 있나요?
A: 공사 전 설계도면 심사, 소재 검수, 시공 방법 검토, 시공 중 공사 관리 철저, 시공 완료 후 검수 및 점검 실시 등"
신축 공동주택의 실내마감공사에서 발생하는 하자를 최소화하기 위한 방법은 무엇인가요?,"공동주택의 실내마감공사에서 하자를 최소화하기 위해선 몇 가지 중요한 접근 방법이 있습니다. 먼저, 품질 관리 체계를 강화하여 시공 단계에서의 감시를 강화해야 합니다. 또한, 고품질의 자재를 선택하고, 경험이 풍부한 시공업체와 협력하여 전문적인 시공을 보장해야 합니다. 마지막으로, 하자 발생 시 적극적인 대응과 신속한 조치를 취하여 문제를 해결하는 것이 중요합니다."
공동주택 실내마감공사 하자 분석에서 가장 빈번하게 나타난 하자 유형은 무엇인가요?,"가장 빈번한 하자 유형은 바닥마감재의 결함이었습니다. 특히 타일의 균열, 박리, 이음새의 불균일성, 바닥재의 수축이나 팽창으로 인한 변형 등이 주요 문제로 나타났습니다."
공동주택 실내마감공사에서 가장 흔히 발생하는 하자 유형은 무엇인가요?,"공동주택 실내마감공사에서 가장 흔히 발생하는 하자 유형은 다음과 같습니다: 천장 누수, 벽면 균열 또는 표면 손상, 바닥 재질의 변형 또는 변색, 도배 및 몰딩의 제대로된 설치 부족 등이 있습니다. 이러한 하자들은 주로 자재 선택, 시공 과정에서의 부주의, 또는 환경 요인 등으로 인해 발생할 수 있습니다. 하자 예방을 위해서는 품질 관리 및 감시를 강화하고, 적절한 자재 선택과 시공 기술을 적용하는 것이 중요합니다."
신축 공동주택에서 도배공사 하자를 최소화하기 위한 구체적인 방안은 무엇인가요?,"신축 공동주택에서 도배공사 하자를 최소화하기 위한 구체적인 방안은 다음과 같습니다.

1. **자재 선정 철저히 하기:** 고품질 페인트와 프라이머 사용
2. **표면 처리 확실히 하기:** 벽과 천장 표면의 흠집, 균열 메우기
3. **다중 도막 도색하기:** 최소 2~3도막 도색하여 균일한 마감과 내구성 향상
4. **적절한 도구 사용하기:** 브러시, 롤러 등 도구를 적절히 사용하여 매끄러운 마감 달성
5. **숙련된 도배공 고용하기:** 경험이 풍부한 도배공은 하자를 최소화할 수 있음
6. **공사 과정 감독하기:** 공사 과정을 정기적으로 점검하여 하자 발생 방지
7. **자재와 공사에 대한 보증 받기:** 공사 완료 후 하자가 발생할 경우 대비"
신축 공동주택에서 도배공사를 줄이기 위한 혁신적인 기술은 무엇이 있을까요?,"신축 공동주택에서 도배공사를 줄이기 위한 혁신적인 기술로는 3D 프린팅 도배, 자기힘 도배기, 그리고 나노테크놀로지를 활용한 자체수리 도배 등이 있습니다. 3D 프린팅 도배는 공간을 보다 효율적으로 활용하며 빠르고 정확한 도배 작업이 가능합니다. 자기힘 도배기는 로봇 기술을 활용하여 인력을 절감하고 작업 시간을 단축할 수 있습니다. 나노테크놀로지를 이용한 자체수리 도배는 표면 손상 시 자동으로 수리되는 기술을 적용하여 도배의 수명을 연장하고 보수 비용을 절감할 수 있습니다."
목질계 바닥재공사에서 자주 발생하는 하자 유형과 그 원인을 설명해주세요.,"목재 바닥 공사에서 흔히 발생하는 하자 유형에는 다음이 있습니다.

- 변색: 수분 침투, 화학 물질 노출 또는 햇빛  bleached
- 휘어짐: 부적절한 습도 또는 온도 변화
- 긁힘: 가구 또는 구두에서 발생
- 쪼개짐: 건조 또는 수축
- 벌레 및 곰팡이 피해: 수분 또는 열이 원인

이러한 하자의 원인에는 다음이 포함됩니다.

- 부적절한 설치: 바닥판 간격, 팽창 공간 미비 등
- 부적절한 환경 조건: 극한의 온도 또는 습도
- 낮은 품질의 재료 사용
- 부적절한 유지 관리: 청소 또는 보호 처리 불충분"
목질계 바닥재공사에서 자주 발생하는 하자 유형에 대해 어떻게 대처해야 하는지 설명해주세요.,"목질계 바닥재공사에서 자주 발생하는 하자 유형은 건조물질의 수분 흡수, 목재의 변형 또는 균열, 그리고 바닥재의 변색 등이 있습니다. 이러한 문제를 해결하기 위해서는 먼저 적합한 건조물질과 목재를 선택하여 사용해야 합니다. 또한 바닥재를 설치할 때 적절한 방법과 기술을 사용하여 균일한 표면을 만들고, 수분 및 온도를 적절히 조절하여 건조 과정을 관리해야 합니다. 추가적으로 바닥재의 표면 마감과 보호를 위한 적절한 코팅을 하고, 정기적인 유지 보수를 통해 문제를 미연에 예방할 수 있습니다."
실내마감공사 하자 발생 시 가장 효과적인 조치 방법은 무엇인가요?,"실내 마감 공사 하자 발생 시 가장 효과적인 조치 방법은 다음과 같습니다.

1. 하자 현황 파악 및 기록
2. 원인 분석 및 책임 소재 확인
3. 하자 시공사와 협의 및 조치 계획 수립
4. 수리 또는 보수 공사 진행
5. 하자 시공사의 보증 및 책임 이행 확인"
실내마감공사에서 발생하는 하자를 방지하기 위한 핵심 전략은 무엇인가요?,"실내마감공사에서 발생하는 하자를 방지하기 위한 핵심 전략은 다음과 같습니다: 1. 품질 관리 강화를 위한 정기적인 감독 및 검사, 2. 적합한 재료 및 기술 선택을 통한 표준화된 시공 프로세스, 3. 전문가의 지도하에 직원 교육 및 훈련, 4. 설계 및 시공 단계에서의 상호 협력과 의사소통 강화, 5. 문제 발생 시 빠른 대응 및 조치를 위한 강력한 모니터링 시스템 구축 등입니다. 이러한 전략들은 공동주택의 품질과 내구성을 향상시키는 데 중요한 역할을 합니다."
신축 공동주택의 실내마감공사 하자 접수와 처리 과정에서 발견된 문제점은 무엇인가요?,"신축 공동주택 실내마감공사 하자 접수 및 처리 과정 문제점:

* **하자 신고 및 접수 미흡:** 거주자의 하자 신고 미흡, 관리사무소의 미신고 또는 신고 누락
* **하자 조사 및 확인 미흡:** 하자 내용의 정확한 확인 및 원인 조사 부족, 책임자 확인 미비
* **수리 및 보수 지연:** 하자 확인 후 수리 및 보수 지연, 거주자 불편 초래
* **적정한 보수 방법 선정 불충분:** 하자 내용에 따른 적절한 보수 방법 미선택, 하자 재발 가능성
* **거주자와 업체 간 소통 부족:** 하자 내용 및 처리 과정에 대한 거주자와 업체 간 소통 미흡, 불만 및 오해 발생"
신축 공동주택의 실내마감공사에서 가장 흔히 발생하는 하자는 무엇인가요?,"신축 공동주택의 실내마감공사에서 가장 흔히 발생하는 하자는 주로 다음과 같습니다: 1. 도배재의 불균일한 표면, 2. 목질계 바닥재의 변형 또는 균열, 3. 마감재의 부착 또는 설치 오류, 4. 마감재의 품질 문제로 인한 변색 또는 파손, 5. 마감재의 수분 흡수로 인한 변형 또는 변색 등입니다. 이러한 하자들은 건축물의 외관과 내부 환경에 영향을 미칠 수 있으므로 신중한 관리와 시공이 필요합니다."
도배공사와 목질계 바닥재공사 하자 사례 분석을 통해 얻은 교훈은 무엇인가요?,"도배공사 및 목질계 바닥재공사에서 발견된 하자 사례를 분석한 결과, 다음과 같은 교훈을 얻을 수 있었습니다.

* **계획의 중요성:** 명확한 작업 지침, 일정 및 예산을 수립하는 것이 필수적입니다.
* **자재 품질 관리:** 고품질 자재를 선택하여 내구성과 미적 효과를 보장합니다.
* **숙련된 인력:** 훈련되고 경험이 풍부한 장인이 중요하며, 품질 보증에 기여합니다.
* **적절한 시공 방법:** 제조업체 사양과 업계 표준을 따라야 하며, 이를 통해 문제 방지에 도움이 됩니다.
* **정기적인 점검 및 유지보수:** 정기적인 점검과 유지보수를 통해 문제를 조기에 발견하고 조치를 취할 수 있습니다."
도배공사와 목질계 바닥재공사 하자 사례 분석을 통해 발견된 주요 원인은 무엇인가요?,"도배공사와 목질계 바닥재공사의 하자 사례 분석을 통해 발견된 주요 원인은 주로 다음과 같습니다: 1. 부적절한 재료 사용, 2. 시공 과정에서의 실수 또는 부주의, 3. 작업자의 기술 부족 또는 경험 부족, 4. 시공 계획의 부재 또는 미숙한 계획, 5. 관리 부족 및 감독 부재 등입니다. 이러한 원인들은 하자 발생의 주된 요인으로 작용하며, 향후 작업에서 이러한 문제를 예방하기 위해서는 각 원인에 대한 신중한 고려와 대비가 필요합니다."
실내마감공사 하자 예방을 위한 체크리스트 개발의 중요성은 무엇인가요?,"실내마감공사 하자 예방을 위한 체크리스트 개발의 중요성은 다음과 같습니다.

1. 하자 발생을 미리 예방하여 공사비와 공기 지연을 줄일 수 있습니다.
2. 공사품질을 향상시켜 사용자 만족도를 높일 수 있습니다.
3. 업체의 책임을 명확히 하여 분쟁을 방지할 수 있습니다.
4. 공사 진행 상황을 체계적으로 관리하여 효율성을 높일 수 있습니다.
5. 공사 이후의 유지보수 비용을 절감할 수 있습니다.

따라서 실내마감공사 하자 예방을 위한 체크리스트 개발은 공사의 질과 효율성을 향상시키고, 비용을 절감하는 데 매우 중요합니다."
실내마감공사에서 하자 발생을 최소화하기 위한 체크리스트의 구성 요소는 무엇인가요?,"실내마감공사에서 하자 발생을 최소화하기 위한 체크리스트의 구성 요소는 주로 다음과 같습니다: 1. 재료 및 장비의 품질 확인, 2. 작업 절차 및 시공 기준 준수 여부, 3. 작업 현장의 정확한 계획 및 조율, 4. 안전 규정 준수 여부, 5. 작업자의 기술과 경험 확인, 6. 작업 현장 및 자재의 깔끔한 정리 등입니다. 이러한 요소들이 체크리스트에 포함되면 작업의 효율성과 품질이 향상될 수 있습니다."
공동주택 실내마감공사에서 하자 접수 비율이 높은 공간은 어디인가요?,"공동주택 실내마감공사에서 하자 접수 비율이 높은 공간은 주방과 화장실입니다.





"
공동주택 실내마감공사에서 하자 발생률이 가장 낮은 구간은 어디인가요?,"공동주택의 실내마감공사에서 하자 발생률이 가장 낮은 구간은 주로 외부의 노출 정도가 적은 실내 벽면이나 천장 등입니다. 이러한 구간은 외부 환경으로부터의 영향을 덜 받고, 주거 활동이 집중되는 구간이 아니기 때문에 하자 발생 가능성이 상대적으로 낮습니다."
신축 공동주택에서 도배공사 하자 예방을 위한 최적의 시공 방법은 무엇인가요?,"신축 공동주택에서 도배공사 하자 예방을 위한 최적의 시공 방법은 다음과 같습니다.

1. **벽면 처리:** 시공 전에 벽면을 철저히 세척하고 수분 함량을 측정하여 8% 이하로 조절합니다.
2. **풀 충전:** 벽면의 균열이나 결함을 아크릴 풀로 충전하고 모래를 뿌려 표면을 고른 뒤 건조시킵니다.
3. **프라이머 도포:** 벽면에 적합한 프라이머를 도포하여 도료의 부착력과 내구성을 향상시킵니다.
4. **중도 도포:** 프라이머가 건조된 후 중도 도포를 적용하여 벽면의 흡수율을 조절합니다.
5. **상도 도포:** 중도 도포가 건조된 후 상도 도포를 적용하여 원하는 색상과 마감을 구현합니다.
6. **도면 검토:** 시공 전에 도면을 철저히 검토하여 도료 유형, 색상, 마감에 대한 지침을 확인합니다.
7. **숙련된 기술자:** 숙련되고 경험이 풍부한 기술자를 고용하여 고품질의 도배 작업을 보장합니다.
8. **적절한 환경:** 도배 작업은 온도, 습도가 적합한 환경에서 수행되어야 합니다.
9. **세심한 관리:** 시공 과정에서 세심한 관리를 통해 습기, 먼지, 이물질로 인한 하자를 방지합니다.
10. **검사 및 수리:** 도배 작업 완료 후 철저히 검사하여 하자를 식별하고 즉시 수리합니다."
신축 공동주택에서 도배공사 시 고려해야 할 주요 요소는 무엇인가요?,"신축 공동주택에서 도배공사 시 고려해야 할 주요 요소로는 재료의 선정과 품질, 공간의 기능과 디자인, 작업환경 및 안전 등이 있습니다. 적합한 도배재료를 선택하고 품질을 유지하는 것은 내구성과 시각적인 매력을 보장하는 데 중요합니다. 또한, 각 공간의 사용 목적과 디자인 컨셉에 맞는 도배 패턴과 색상을 고려해야 합니다. 작업환경은 깨끗하고 안전한 상태를 유지하여 공사 품질을 향상시키는 데 도움이 됩니다."
목질계 바닥재공사 하자 예방을 위해 고려해야 할 주요 요소는 무엇인가요?,"재질선택, 시공방법, 환경제어"
목질계 바닥재공사 시 고려해야 할 주요 재료는 무엇인가요?,"목질계 바닥재공사 시 고려해야 할 주요 재료로는 주로 목재와 관련된 소재들이 포함됩니다. 이에는 주로 대나무나 상수리, 호나무, 느티나무 등의 원목이 사용됩니다. 또한, 목재 외에도 바닥재 설치를 위한 부가적인 재료로는 접착제, 코팅재, 밑바닥 보강재 등이 활용될 수 있습니다. 이러한 재료들은 바닥재의 내구성과 외관을 결정하는 중요한 역할을 합니다."
신축 공동주택 실내마감공사 하자 관리의 효율성을 높이기 위한 제안은 무엇인가요?,"주요 하자의 원인 및 예방책 파악, 공정별 하자 점검표 개발 및 하자 관리 시스템 구축, 공사 중 품질 관리 개선, 입주민에게 하자 신고 시스템 제공, 도급업체와의 협력 강화"
신축 공동주택 실내마감공사에서 하자 발생을 최소화하기 위한 전략은 무엇인가요?,"신축 공동주택의 실내마감공사에서 하자를 최소화하기 위해서는 몇 가지 전략이 필요합니다. 먼저, 품질 관리를 강화하여 공정한 검사와 테스트를 수행하고 품질 표준을 준수해야 합니다. 또한, 자원과 일정을 효율적으로 관리하여 현장에서의 작업을 철저히 감독하고 문제가 발생할 경우 신속하게 대처해야 합니다. 마지막으로, 협력업체와의 원활한 의사소통을 유지하여 오해나 오류를 방지하고 협력을 강화하는 것이 중요합니다."
도배공사 하자 발생의 주요 원인과 그 해결책을 설명해주세요.,"도배공사 하자 주요 원인 및 해결책
**1. 표면처리 불량**
- 원인: 표면의 오염, 먼지, 기름, 수분
- 해결책: 표면 청소, 건조, 샌딩 또는 긁기

**2. 도장재 선택 및 사용 오류**
- 원인: 부적절한 도장재 선택, 도장재 혼합 또는 희석 오류
- 해결책: 적합한 도장재 선택, 제조사 지침 준수

**3. 도장 시공 오류**
- 원인: 굴곡, 들뜸, 흘림, 털털이, 기포
- 해결책: 적절한 도장 기법 사용, 충분한 도막 두께 확보

**4. 환경 조건 불량**
- 원인: 습도, 온도, 통풍 불량
- 해결책: 적절한 작업 조건 유지, 환기와 난방 또는 냉방

**5. 기타 요인**
- 원인: 장비 오류, 인력 부족 또는 숙련 부족
- 해결책: 적합한 장비 사용, 숙련된 인력 확보, 적절한 교육 및 훈련"
도배공사 시 발생하는 문제점과 그로 인한 추가 비용을 줄이는 방법은 무엇인가요?,"도배공사 시 발생하는 문제점을 줄이고 추가 비용을 절감하기 위해 철저한 준비와 효율적인 관리가 필요합니다. 이를 위해, 세부적인 설계 및 계획 단계에서 실수와 오류를 최소화하고, 품질 관리를 강화하여 초기에 발생할 수 있는 문제를 방지해야 합니다. 또한, 자원과 시간을 효율적으로 활용하기 위해 일정 관리와 현장 감독을 철저히 수행해야 하며, 소통을 원활히 하고 문제 발생 시 신속히 대응하여 추가 비용을 최소화할 수 있습니다."
목질계 바닥재공사 하자의 장기적인 영향과 대응 전략은 무엇인가요?,"목질계 바닥재공사 하자의 장기적인 영향은 다음과 같습니다.
* 균열 또는 휘어짐
* 곰팡이 또는 썩음
* 접착제 실패
* 구조적 손상
* 미관 손상

대응 전략은 다음과 같습니다.
* 하자를 조기에 식별하고 해결
* 숙련된 전문가를 고용
* 적합한 재료 및 공정 사용
* 정기적인 검사 및 유지 관리 수행
* 적절한 습도 및 온도 유지"
목질계 바닥재공사의 장기적인 영향을 최소화하기 위한 전략은 무엇인가요?,목질계 바닥재공사의 장기적인 영향을 최소화하기 위한 전략은 지속적인 유지보수 및 정기적인 검사입니다. 바닥재의 상태를 주기적으로 확인하고 필요한 보수 및 보강 작업을 수행하여 장기적인 내구성을 유지할 수 있습니다. 또한 바닥재의 사용 및 관리에 대한 교육 프로그램을 시행하여 시공자와 거주자가 바닥재를 올바르게 관리할 수 있도록 지원해야 합니다.
신축 공동주택 실내마감공사 하자 분석을 통해 발견된 새로운 경향은 무엇인가요?,신축 공동주택 실내마감공사 하자 분석에서 발견된 새로운 경향은 친환경 재료 사용 증가에 따른 문제점입니다.
신축 공동주택 실내마감공사에서 가장 흔히 발견되는 하자는 무엇인가요?,"신축 공동주택의 실내마감공사에서 가장 흔히 발견되는 하자는 보통 마감재의 부착 부위에서 발생하는 결함입니다. 예를 들어, 타일이나 벽지가 제대로 고정되지 않거나 틈새가 발생하는 경우가 많습니다. 또한 잘못된 시공으로 인해 표면의 불균일성이나 균열이 발생할 수 있습니다."
도배공사와 목질계 바닥재공사 하자 예방을 위한 사전 준비 사항은 무엇인가요?,"도배공사 하자 예방 :
- 표면 청소 및 준비 철저히 하기
- 적합한 도료 및 프라이머 선택하기
- 환경적 요인 고려하기(온도, 습도)

목질계 바닥재 공사 하자 예방 :
- 목재 유형 및 품질 확인하기
- 적절한 설치 방법 선택하기
- 환경적 요인 고려하기(습도, 온도)
- 적절한 마무리 처리 하기"
도배공사와 목질계 바닥재공사의 차이점은 무엇인가요?,"도배공사와 목질계 바닥재공사의 주요 차이점은 재료와 시공 방법에 있습니다. 도배공사는 벽면이나 바닥에 타일, 도자기, 유리 등의 재료를 설치하는 것을 말하며, 목질계 바닥재공사는 바닥면에 목재나 목재 기반의 재료를 사용하여 바닥을 마감하는 작업을 말합니다. 도배공사는 주로 방수, 방습 기능이 요구되는 공간에서 사용되며, 목질계 바닥재공사는 주로 내구성과 디자인적 특성을 강조하는 공간에서 사용됩니다."
실내마감공사 하자에 대한 입주민들의 인식과 만족도를 어떻게 향상시킬 수 있나요?,"실내마감 공사 하자의 입주민 인식 및 만족도 향상을 위한 방법론:

* **입주민 교육 강화:** 하자 발생 가능성, 예방 조치, 신고 절차에 대한 교육을 제공합니다.
* **투명하고 공정한 하자 처리 시스템 구축:** 공정한 하자 처리 과정을 보장하는 명확한 지침과 감독 시스템을 설정합니다.
* **빠르고 효율적인 하자 수정:** 입주민의 불편함을 최소화하기 위해 하자 수정에 대한 신속한 대응 시스템을 구축합니다.
* **입주민 참여와 의사소통:** 하자 처리 과정에 입주민을 참여시키고 피드백을 수집하여 만족도를 향상시킵니다.
* **예방적 조치 강화:** 설계 및 시공 단계에서 하자를 예방하기 위한 엄격한 품질 관리 시스템을 구현합니다."
실내마감공사 하자를 줄이기 위해 어떤 전략을 채택해야 할까요?,"실내마감공사 하자를 줄이기 위해 다음과 같은 전략을 채택할 수 있습니다:
1. 품질 관리 강화: 엄격한 품질 표준을 설정하고 시공과정에서 지속적인 품질 감시를 실시하여 하자 발생을 방지합니다.
2. 교육 및 훈련: 시공자 및 관련 작업자에게 적절한 교육과 훈련을 제공하여 작업 기술과 품질 의식을 향상시킵니다.
3. 협력 업체 선정: 신뢰할 만한 협력 업체를 선택하고 계약을 통해 책임과 의무를 명확히 합니다.
4. 품질 검사 및 시험: 시공 전, 중, 후에 품질 검사와 시험을 철저히 실시하여 미리 하자를 발견하고 조치합니다.
5. 문제 해결 방안 마련: 하자 발생 시 즉시 문제를 해결할 수 있는 방안을 마련하고 신속하게 대응합니다."
공동주택 실내마감공사 하자 보수 작업의 효율성을 높이기 위한 방안은 무엇인가요?,"공동주택 실내마감공사 하자 보수 작업의 효율성을 높이기 위한 방안:
- 철저한 현장 조사 및 결함 분석을 통한 정확한 진단
- 효율적인 작업 순서 계획 및 자원 활용
- 숙련된 기술자 및 팀원 배치
- 품질 관리 시스템의 구현 및 모니터링
- 디지털 기술 활용(예: 모바일 검사 앱, BIM 모델)
- 의사소통 및 협력의 개선
- 하자 발생 예방을 위한 사전 조치 및 교육"
공동주택 실내마감공사 하자 보수 작업에 사용되는 재료는 무엇인가요?,"공동주택 실내마감공사 하자 보수 작업에는 주로 도배 및 목질계 바닥재에 사용되는 재료가 포함됩니다. 도배 보수에는 도배재, 접착제, 깔개, 그라우트, 그리고 필요한 경우 페인트 등이 사용될 수 있습니다. 목질계 바닥재 보수에는 바닥재 재료(예: 목재, 라미네이트, 빈티지 등), 접착제, 패치 및 리페어 재료 등이 사용될 수 있습니다. 이러한 재료들은 보수 작업의 특성과 상태에 따라 적절하게 선택되어 사용됩니다."
신축 공동주택에서 도배공사 하자와 관련된 민원을 줄이기 위한 전략은 무엇인가요?,"신축 공동주택에서 도배공사 하자를 줄이기 위한 전략으로는 다음이 있습니다.

* 엄격한 도면 및 사양 준수 보장
* 자격을 갖춘 도배업체 선정 및 철저한 감독
* 고품질 페인트 및 재료 사용
* 적절한 기상 조건 하에서 공사 수행
* 숙련된 검사관에 의한 정기적인 검사
* 주민 피드백 수집 및 적극적 해결
* 명확한 보증 및 책임 정의"
신축 공동주택에서 도배공사를 효율적으로 관리하기 위한 방법은 무엇인가요?,"신축 공동주택에서 도배공사를 효율적으로 관리하기 위한 방법은 몇 가지 중요한 절차를 포함합니다. 먼저, 적합한 도배재 및 부자재를 선정하고 품질을 확인하는 것이 중요합니다. 또한 시공 전에는 명확한 설계 및 계획을 수립하여 잘못된 시공을 방지해야 합니다. 현장에서는 경험이 풍부한 감독이 감독하여 품질을 유지하고, 작업 일정을 엄격히 준수해야 합니다. 끝으로, 공사가 완료된 후에는 적절한 유지보수 계획을 수립하여 장기적인 품질을 유지해야 합니다."
목질계 바닥재공사 하자의 재발을 방지하기 위한 장기적 대책은 무엇인가요?,"재발방지를 위한 장기적 대책:
- 설계 및 시공 기준의 지속적 개선
- 숙련된 시공자 교육 및 자격증 제도 강화
- 엄격한 자재 검사 및 품질 관리
- 정기적인 건물 점검 및 유지 보수
- 목재 소재의 특성 이해 증진 및 적절한 관리 방법 보급"
목질계 바닥재공사 하자의 원인을 파악하는 데 가장 중요한 요소는 무엇인가요?,"목질계 바닥재공사 하자의 원인을 파악하는 데 가장 중요한 요소는 재료 선정과 시공 과정의 품질 관리입니다. 적합하지 않은 재료 사용, 부적절한 시공 기술, 현장 감독의 부족 등이 주요 원인으로 작용할 수 있습니다. 따라서 적합한 목재 및 바닥재료를 선택하고, 규격에 맞는 시공 절차를 준수하는 것이 필요합니다. 또한 현장에서의 감독과 품질 검사를 철저히 실시하여 하자 발생을 최소화해야 합니다."
실내마감공사 하자로 인한 경제적 손실을 최소화하기 위한 관리 전략은 무엇인가요?,"실내마감공사 하자를 최소화하기 위한 관리 전략:

1. 철저한 설계 및 사양 검토
2. 숙련된 계약자 및 하도급업체 선정
3. 엄격한 품질 관리 및 감독
4. 명확한 의사소통 및 조정
5. 정기적 검사 및 점검
6. 하자 보증 및 보험 확인
7. 신속한 하자 수정 및 조치
8. 의견 수렴 및 교훈 학습"
실내마감공사에서 발생하는 하자를 방지하기 위한 효과적인 품질 관리 방법은 무엇인가요?,실내마감공사에서 발생하는 하자를 방지하기 위한 효과적인 품질 관리 방법 중 하나는 철저한 현장 감독과 품질 검사입니다. 감독자는 공정을 지속적으로 감시하고 작업이 규격에 맞게 이루어지도록 확인해야 합니다. 또한 품질 검사를 통해 잠재적인 결함을 조기에 발견하고 수정할 수 있도록 해야 합니다. 품질 관리는 재료 선택부터 마무리 단계까지 모든 과정을 철저히 관리하여 최종적으로 고품질의 완성물을 보장해야 합니다.
공동주택 실내마감공사에서 하자 관련데이터를 반복해서 제공하는 경우가 있습니다. ,"공동주택 실내마감공사에서 하자 관련 데이터를 반복해서 제공하는 경우, 원인을 파악하여 근본적인 해결책을 마련해야 합니다. 업체 간의 의사 소통 문제, 설계 또는 시공의 오류, 자재의 결함 등의 다양한 요인이 반복적인 하자 발생에 기여할 수 있습니다. 이러한 원인을 분석하고, 효과적인 조치를 취함으로써 하자 발생을 최소화하고 건설 품질을 향상시킬 수 있습니다."
공동주택 실내마감공사에서 하자 관련데이터를 어떻게 관리해야 할까요?,"공동주택 실내마감공사에서 하자 관련 데이터를 효과적으로 관리하기 위해서는 체계적인 시스템을 도입해야 합니다. 먼저, 모든 하자와 관련된 정보를 철저히 문서화하여 정리해야 합니다. 이를 위해 디지털 데이터베이스를 구축하고, 하자 유형, 발생 위치, 해결 방법 등의 정보를 체계적으로 기록해야 합니다. 또한 데이터의 보안과 접근 제어를 강화하여 불법적인 정보 유출을 방지해야 합니다. 정기적인 업데이트와 백업을 통해 데이터의 신뢰성과 안정성을 유지해야 합니다."
신축 공동주택 실내마감공사 하자 분석 시 가장 중요한 검토 사항은 무엇인가요?,"건물 사용 허가 검토 시 주요 검토 사항은 아래와 같습니다.
- 건물의 구조적 안전성
- 소방 시설의 적합성
- 건축자재의 적합성
- 시공 방법의 적합성
- 공동주택 공통 부분의 마감 상태
- 주차 부속 시설의 적합성"
신축 공동주택 실내마감공사에서 하자 발생을 최소화하기 위한 전략은 무엇인가요?,"하자 발생을 최소화하기 위한 전략으로는 철저한 계획과 품질 관리가 필요합니다. 시공 전에는 재료 선정과 시공 기술에 대한 검토가 중요하며, 특히 친환경 자재의 사용과 품질이 중요합니다. 또한 시공 과정에서는 정기적인 감독과 품질 점검을 통해 문제를 조기에 발견하고 해결해야 합니다. 특히 작업자의 교육과 안전 규정 준수를 강조하여 안전사고와 실수를 방지하는 것이 중요합니다."
도배공사 하자를 줄이기 위한 사전 검사와 준비 과정에는 어떤 것들이 포함되어야 하나요?,"도배공사 하자를 줄이기 위한 사전 검사 및 준비 과정에는 다음이 포함됩니다.

* 표면 준비: 표면을 청소하고, 수리하고, 매끄럽게 합니다.
* 곰팡이 검사: 곰팡이가 있는지 확인하고, 제거합니다.
* 수분 함량 검사: 표면의 수분 함량이 적정한지 확인합니다.
* 프라이머 도포: 표면에 프라이머를 도포하여 도료의 부착력을 향상시킵니다.
* 마스킹: 도색하지 않을 영역을 마스킹합니다."
도배공사를 완벽하게 마무리하기 위해 필요한 마무리 단계에는 어떤 것들이 필요한가요?,"도배공사를 완벽하게 마무리하기 위해서는 몇 가지 중요한 단계가 필요합니다. 먼저, 마감재의 표면을 깨끗하게 청소하고 먼지를 제거해야 합니다. 그 다음으로는 마감재의 결함이나 표면의 불균일성을 확인하고 보수 작업이 필요한 경우에는 보수를 실시해야 합니다. 마지막으로는 마감재의 보호를 위해 필요한 마무리 코팅을 바르고 마무리 작업을 완료해야 합니다. 이러한 단계들을 철저히 수행하여 도배공사의 완벽한 마무리를 보장할 수 있습니다."
목질계 바닥재공사 시 가장 주의해야 할 시공 상의 오류는 무엇인가요?,"목질계 바닥재 시공 시 가장 주의해야 할 오류는 바닥재 하부평탄도 미흡, 마감재와 하부재 사이의 간극, 바닥재의 변형입니다. 또한, 시공 중 습기 관리와 온도 조절이 중요합니다."
목질계 바닥재공사 시 가장 중요한 시공 절차는 무엇인가요?,"목질계 바닥재공사에서 가장 중요한 시공 절차는 바닥재를 균일하게 깔고 압축하는 것입니다. 바닥재의 균일한 높이와 압축은 바닥의 안정성과 내구성을 보장하며, 나중에 발생할 수 있는 하자를 최소화하는 데 중요한 역할을 합니다. 따라서 시공 전 바닥재를 꼼꼼하게 확인하고 적절한 압축을 통해 고르고 단단한 바닥을 조성하는 것이 필요합니다."
실내마감공사 하자 보수 후 재발 방지를 위한 추적 관리 방법은 무엇인가요?,"* 공사 시행 전 해당 시공부위에 대한 철저한 문제점 검토 및 보수 계획 수립
* 공사 중 자재 품질 및 시공 관리 철저히 이행
* 공사 완료 후 정기적인 점검 및 상태 확인을 통한 조기 대응
* 하자 보수 시 사용한 자재 및 시공 방법에 대한 기록 보관 및 관리
* 보수 완료 후 해당 부위에 대한 장기적 모니터링 및 추적 관리 체계 구축"
실내마감공사에서 사용되는 재료의 내구성을 향상시키기 위한 기술적인 방법은 무엇인가요?,"실내마감공사에서 사용되는 재료의 내구성을 향상시키기 위한 기술적인 방법으로는 다양한 방법이 있습니다. 예를 들어, 고급 소재의 사용, 혁신적인 방법으로 재료를 조합하여 내구성을 강화하는 등의 방법이 있습니다. 또한, 특수 코팅이나 보강재의 도입, 정교한 설치 기술의 적용 등도 내구성을 향상시키는 데 도움이 될 수 있습니다."
도배공사 및 목질계 바닥재공사 하자 사례 조사에서 가장 흔히 발견되는 문제점은 무엇인가요?,"도배공사에서 가장 흔히 발견되는 문제점은 표면처리 미흡, 도료선택 오류, 도금 두께 부족 등이며 목질계 바닥재공사에서는 균열, 왜곡, 휘어짐 등이 많이 발생합니다."
도배공사 및 목질계 바닥재공사 하자 사례 조사에서 주로 발생하는 결함은 무엇인가요?,"도배공사 및 목질계 바닥재공사 하자 사례 조사에서 주로 발생하는 결함은 다음과 같습니다. 먼저, 도배공사에서는 접착력이 부족하여 탈락이나 벗겨짐이 발생하거나, 타일의 틈새나 깨진 부분이 있을 수 있습니다. 목질계 바닥재공사에서는 바닥의 휘어짐이나 기울어짐, 접착력 부족으로 인한 탈락, 표면의 균일하지 않은 마무리 등이 흔히 나타납니다."
신축 공동주택에서 하자 발생 원인 분석을 통해 어떤 예방 조치를 취할 수 있나요?," 신축 공동주택에서 하자 원인 분석을 통해 취할 수 있는 예방 조치는 다음과 같습니다.

- **설계 단계:** 철저한 계획, 명확한 설계서, 충분한 검토 및 승인
- **시공 단계:** 숙련된 인력, 엄격한 품질 관리, 적절한 재료 및 장비 사용
- **자재 관리:** 신뢰할 수 있는 공급업체, 자재의 적절한 저장 및 취급
- **감독 및 검사:** 정기적인 현장 검사, 품질 보증 및 고객 조사
- **의사소통 및 협력:** 모든 이해관계자 간의 명확한 의사소통 및 협력"
신축 공동주택에서 하자 발생 원인을 파악하기 위해 어떤 절차를 따라야 하나요?,"하자 발생 원인을 파악하기 위해 신축 공동주택에서는 다음과 같은 절차를 따릅니다. 먼저, 하자를 발견하고 문제를 식별합니다. 그런 다음, 해당 하자의 원인을 조사하고 분석합니다. 원인을 파악한 후에는 해당 문제를 해결하기 위한 적절한 대책을 수립하고 이를 시행합니다. 마지막으로, 이러한 과정을 통해 발생한 문제가 재발하지 않도록 예방하는 조치를 취합니다."
도배공사와 목질계 바닥재공사 하자 보수 과정에서 고려해야 할 안전 조치는 무엇인가요?,"도배 공사 안전 조치:

* 환기 확보
* 보호 장구 착용
* 독성 물질 취급 시 주의
* 화재 예방

목재 바닥재 공사 안전 조치:

* 먼지 마스크 착용
* 절단기 주의
* 매립물 처리
* 화학 물질 주의

특수 상황 안전 조치:

* 납 페인트 제거: 엄격한 예방 조치
* 석면 제거: 전문가 위탁 필수"
도배공사와 목질계 바닥재공사 하자 보수 시 고려해야 할 환경적 요소는 무엇인가요?,"도배공사와 목질계 바닥재공사 하자 보수 시 고려해야 할 환경적 요소에는 자재의 재활용 가능성, 폐기물 처리 방법, 화학물질 사용의 환경 영향 등이 포함됩니다. 친환경 자재 및 방법을 선택하여 자원 소모를 최소화하고 환경에 미치는 영향을 최소화하는 것이 중요합니다. 또한 폐기물 처리 시에도 재활용이나 환경 친화적인 처리 방법을 우선 고려해야 합니다."
실내마감공사 하자의 시공자 및 자재 공급자에 대한 책임 범위는 어디까지인가요?,"시공자는 시공 과실에 대해 책임을 지며

자재 공급자는 자재의 품질에 대해 책임을 지며

시공자는 자재의 적합성에 대해 판단하여 사용할 책임이 있습니다."
실내마감공사 하자 발생 시 시공자와 자재 공급자 간의 책임 분담은 어떻게 이루어지나요?,"실내마감공사 하자 발생 시 시공자와 자재 공급자 간의 책임 분담은 계약서나 법적 규정에 따라 결정됩니다. 보통 시공자는 공사의 품질과 안전성에 대한 책임을 지고, 자재 공급자는 제품의 품질과 하자에 대한 책임을 부담합니다. 이에 따라 하자 발생 시 각 당사자의 역할과 책임을 명확히하고, 문제의 원인을 파악하여 해결책을 도출하는 것이 중요합니다. 만일 분쟁이 발생할 경우, 계약서나 관련 법률에 따라 적절한 절차를 따라야 합니다."
공동주택 실내마감공사 하자 관련 소비자 보호 대책에는 어떤 것들이 있나요?,"공동주택 실내마감공사 하자 관련 소비자 보호 대책:

1. 주택건설공사등록제도: 공사업체 등록 및 자격 심사로 하자 최소화
2. 공사감리제도: 공사 과정 감독으로 하자 예방 및 시정
3. 하자보수기금제도: 준공 후 하자 발견 시 보수비 지원
4. 보증제도: 공사업체에서 하자 보수 책임 이행 보장
5. 소비자보호법: 소비자 불이익 보호 및 피해 구제 제공"
공동주택 실내마감공사 하자 발생 시 소비자가 취할 수 있는 조치는 무엇인가요?,"소비자는 실내마감공사 하자 발생 시 먼저 건설사나 관리기관에 문제를 보고하고 조치를 취할 것을 권장합니다. 이를 위해 공동주택 내의 공지판이나 관련된 온라인 플랫폼을 통해 문제를 보고하고, 필요한 문서를 보관하며, 주변 이웃들과 함께 행동하여 보다 강력한 대응을 이끌어낼 수 있습니다. 필요 시 법률적인 조언을 받는 것도 중요합니다."
신축 공동주택 실내마감공사 하자 관리에서 가장 효과적인 커뮤니케이션 전략은 무엇인가요?,신축 공동주택 실내마감공사 하자 관리에서 가장 효과적인 커뮤니케이션 전략은 실시간 커뮤니케이션입니다. 청약자와 시공사 간의 투명하고 즉각적인 의사소통을 통해 하자 발견 시 신속한 대응과 문제해결이 가능해집니다.
신축 공동주택 실내마감공사 하자 관리에서 의사소통을 개선하기 위한 방법은 무엇인가요?,"의사소통을 개선하기 위해선 먼저 입주민들과 건설사 간의 열린 대화를 촉진해야 합니다. 이를 위해 정기적인 회의나 업데이트 세션을 설정하고, 정보를 투명하게 제공하는 것이 중요합니다. 또한, 의견을 수렴하고 피드백을 주고받는 공간을 마련하여 건설 과정에서 발생할 수 있는 문제를 빠르게 파악하고 해결할 수 있도록 해야 합니다."
도배공사 하자 발생 시 입주민에게 제공되어야 할 정보와 지원에는 어떤 것들이 포함되어야 하나요?,"도배공사 하자 발생 시 입주민에게 제공되어야 할 정보와 지원:

* 하자 발생 사실 확인 및 개요
* 하자의 원인 및 책임 소재
* 하자를 해결하기 위한 계획 및 예상 완료 시기
* 입주민이 취할 수 있는 조치 및 이용 가능한 자원
* 보상 또는 보상 조치에 대한 जानकारी
* 입주민의 질문이나 우려 사항에 대한 연락처"
도배공사 시 입주민에게 제공되어야 할 정보와 지원은 어떤 방식으로 제공되어야 하는가요?,"도배공사 시 입주민에게 제공되어야 할 정보와 지원은 명확하고 이해하기 쉬운 안내서나 매뉴얼을 통해 제공되어야 합니다. 이 안내서에는 공사 일정, 사용되는 재료와 그에 따른 유의사항, 공사 과정에서의 예상 소음 및 불편사항 등이 포함되어야 합니다. 또한, 공사 진행 상황을 주기적으로 업데이트하고, 필요한 경우 입주민들에게 지원 및 상담 서비스를 제공하여 공사로 인한 불편을 최소화해야 합니다."
목질계 바닥재공사 하자 보수 비용 추정 방법과 고려 사항은 무엇인가요?,"목질계 바닥재 공사 하자 보수 비용 추정 방법 및 고려 사항:

* 하자 유형 및 규모 파악
* 재료 및 인건비 확인
* 공사 기간 및 규모 고려
* 하자 발생 원인 분석 및 예방 조치 마련
* 보험 적용 시 배상 범위 고려
* 시공사와의 협의 및 합의 내용 반영"
목질계 바닥재공사 시 고려해야 할 주요 재료는 무엇인가요?,"목질계 바닥재공사 시에 고려해야 할 주요 재료로는 주로 강화된 엔지니어링 목재나 합성 목재가 사용됩니다. 이러한 재료들은 자연 목재에 비해 내구성과 안정성이 뛰어나며, 습기나 변형에도 강하고 장기간 사용해도 변형이 적습니다. 또한, 이러한 재료는 환경 친화적이며 친환경적인 재료로 평가되기도 합니다."
실내마감공사 하자 접수 및 처리 시스템의 구축 및 운영 방법은 무엇인가요?,"실내 마감 공사 하자 접수 및 처리 시스템 구축 및 운영 방법:

1. 하자 접수 체계 구축: 전용 하자 접수 창구 또는 온라인 접수 시스템 구축
2. 하자 유형 분류 및 우선 순위 설정: 하자의 심각성과 긴급성에 따라 분류 및 우선 순위 설정
3. 담당자 지정 및 책임 부여: 하자 처리를 담당할 책임자 지정 및 책임 부여
4. 하자 처리 절차 수립: 하자 접수, 조사, 수리, 완료 보고 등 처리 절차 수립
5. 정기적 모니터링 및 평가: 하자 접수 및 처리 현황 모니터링 및 평가를 통한 시스템 개선"
실내마감공사 하자 접수 및 처리 시스템에서 가장 효율적인 관리 방법은 무엇인가요?,"실내마감공사 하자 접수 및 처리 시스템의 효율적인 관리를 위해 중요한 점은 몇 가지 있습니다. 먼저, 디지털화된 시스템을 도입하여 하자를 신속하게 접수하고 추적할 수 있어야 합니다. 또한, 접수된 하자에 대한 우선순위를 설정하고 적절한 조치를 취하는 프로세스를 갖춰야 합니다. 이를 위해 책임자를 명확히 지정하고 투명하고 효율적인 의사소통을 유지하는 것이 중요합니다. 또한, 시스템을 이용한 데이터 분석을 통해 하자 발생의 원인을 파악하고 미래에 발생할 수 있는 문제를 예방하는 것이 도움이 될 수 있습니다."
공동주택 실내마감공사 하자 평가 및 등급 분류 기준은 어떻게 설정되어야 하나요?,"공동주택 실내마감공사 하자 평가 및 등급 분류 기준 설정 시 고려사항:

1. 하자 빈도: 하자가 발생하는 빈도를 조사하여 중요도 평가
2. 피해 규모: 하자가 발생했을 때 발생하는 피해 규모 파악
3. 개선 가능성: 하자를 개선하기 위한 노력과 비용 고려
4. 거주자 편의성: 하자가 거주자의 편의성에 미치는 영향 평가
5. 미관적 영향: 하자가 건물의 미관에 미치는 영향 평가

등급 분류 기준:

* 심각한 하자: 건물의 안전성이나 거주성에 중대한 영향을 미치는 하자
* 중대한 하자: 거주자의 편의성이나 건물의 미관에 상당한 영향을 미치는 하자
* 일반적인 하자: 거주자의 편의성이나 건물의 미관에 약간의 영향을 미치는 하자
* 미미한 하자: 거주자의 편의성이나 건물의 미관에 거의 영향을 미치지 않는 하자"
공동주택 실내마감공사에서 하자 발생을 최소화하기 위한 전략은 무엇인가요?,"공동주택의 실내마감공사에서 하자 발생을 최소화하기 위한 전략은 몇 가지 측면을 고려해야 합니다. 첫째, 품질이 검증된 자재를 선택하여 사용하는 것이 중요합니다. 둘째, 정확하고 전문적인 시공 과정을 준수해야 합니다. 셋째, 실시간으로 품질 검사를 진행하여 문제가 발생할 경우 즉각 조치를 취해야 합니다. 넷째, 교육 및 훈련 프로그램을 도입하여 시공자들의 기술을 향상시키고 안전한 작업 환경을 조성해야 합니다. 마지막으로, 완료 후에도 정기적인 점검과 유지보수를 통해 잠재적인 문제를 사전에 파악하고 예방해야 합니다."
신축 공동주택의 실내마감공사 하자 보수 작업 시 품질 관리의 중요성은 무엇인가요?,"신축 공동주택 실내 마감공사 하자보수 작업 시 품질관리는 매우 중요합니다. 왜냐하면 품질관리가 잘못되면 건물의 내구성과 안전성이 저하될 수 있기 때문입니다. 또한, 하자보수 작업이 제대로 이루어지지 않으면 거주자의 불만을 초래할 수 있습니다. 따라서 신축 공동주택 실내 마감공사 하자보수 작업 시 품질관리를 철저히 하여 건물의 내구성과 안전성을 보장하고 거주자의 만족도를 높이는 것이 중요합니다."
신축 공동주택의 실내마감공사에서 품질 관리를 소홀히 할 경우 어떤 문제가 발생할 수 있나요?,"품질 관리를 소홀히할 경우, 신축 공동주택의 실내마감공사에서 다양한 문제가 발생할 수 있습니다. 예를 들어, 마감재의 부실한 설치로 인한 파손이나 변형이 발생할 수 있고, 마감재의 표면 불균일성이나 결함으로 인해 시각적인 미관상의 문제가 발생할 수 있습니다. 또한, 마감재의 내구성이 저하되어 시간이 지남에 따라 마감재의 수명이 단축될 수 있으며, 이는 유지보수 및 보수 비용의 증가로 이어질 수 있습니다. 마감재의 품질 관리는 건축물의 외관 뿐만 아니라 내구성과 안전성에도 영향을 미치므로 중요합니다."
도배공사와 목질계 바닥재공사 하자 예방을 위한 교육 및 훈련 프로그램의 필요성은 무엇인가요?,"도배공사와 목질계 바닥재공사 하자 예방을 위한 교육 및 훈련 프로그램은 다음과 같은 이유로 필요합니다.

- **작업자의 기술 향상:** 숙련된 작업자는 하자 없는 고품질 결과물을 생산할 가능성이 더 높습니다.
- **재료 및 장비에 대한 지식:** 교육은 작업자에게 정확한 재료 선택, 준비 및 응용에 대한 지식을 제공합니다.
- **안전 관행:** 교육은 작업자에게 안전한 작업 관행과 보호 장비 사용 방법을 강조합니다.
- **공정 표준화:** 교육은 일관된 결과를 보장하는 표준화된 공정을 촉진합니다.
- **비용 절감:** 하자 예방은 재작업 비용, 지연 및 고객 불만을 줄이는 데 도움이 됩니다."
도배공사와 목질계 바닥재공사의 안전사고 발생률을 낮추기 위해 어떤 교육 및 훈련 프로그램이 필요할까요?,"도배공사와 목질계 바닥재공사의 안전사고를 줄이기 위해서는 작업자들에게 안전 교육과 훈련 프로그램이 필요합니다. 이러한 프로그램은 작업 환경에서의 위험을 인식하고 예방하는 방법을 가르치는 것이 중요합니다. 예를 들어, 안전장비의 올바른 사용법과 작업 중 안전 절차를 학습하고 실전 훈련을 통해 익숙해지는 것이 필요합니다. 또한, 작업 시 발생할 수 있는 안전 위험과 그에 대한 대응 방안에 대한 교육도 중요합니다. 이를 통해 작업자들이 안전한 환경에서 작업할 수 있도록 돕습니다."
실내마감공사 하자 발생 원인에 대한 체계적인 데이터 분석 및 활용 방안은 무엇인가요?,"실내마감공사 하자 발생 원인 체계적 데이터 분석 활용 방안은 다음과 같습니다.

1. 하자 발생 원인 구분 및 분류
2. 원인별 하자 발생 빈도 분석
3. 원인 상호 연관성 분석
4. 주요 하자 원인 규명 및 개선 대책 수립
5. 하자 발생 감소를 위한 방안 마련
6. 데이터베이스 구축 및 활용"
실내마감공사 하자 발생을 최소화하기 위한 전략적인 접근 방법은 무엇인가요?,"실내마감공사 하자를 최소화하기 위한 전략적인 접근 방법은 다양합니다. 먼저, 품질 관리 시스템을 강화하여 규격 및 기준을 엄격히 준수하는 것이 중요합니다. 또한, 고품질의 자재 및 장비를 선택하고, 전문적인 시공팀을 구성하여 정확하고 신속한 시공을 보장해야 합니다. 특히, 시공 전에 세심한 계획과 사전 점검을 통해 잠재적인 문제를 사전에 발견하고 예방하는 것이 필요합니다. 마지막으로, 시공 후에는 정기적인 검사와 유지보수를 통해 하자를 조기에 발견하고 적절히 대응하여 품질을 유지해야 합니다."
공동주택 실내마감공사 하자 관련 법적 분쟁 해결 방법은 무엇인가요?,"공동주택 실내마감공사 하자 관련 법적 분쟁 해결 방법은 다음과 같습니다.

1. 협의: 시공사와 주민 간 직접 협의를 통해 해결을 모색합니다.
2. 중재: 중립적인 제3자를 개입시켜 분쟁을 조정하고 해결합니다.
3. 소송: 법원에 소송을 제기하여 법적 판단을 구합니다.
4. 행정처분: 주무관청에 하자 신고를 하여 행정적 조치를 구합니다."
공동주택 실내마감공사 하자 발생 시 책임 분담은 어떻게 이루어지나요?,"공동주택의 실내마감공사에서 하자가 발생한 경우, 책임 분담은 시공사와 건물 소유자 또는 건물 운영주 간의 계약 내용에 따라 결정됩니다. 일반적으로 시공사는 시공 과정에서 발생한 하자에 대한 책임을 지며, 건물 소유자 또는 운영주는 시공사와의 계약에서 명시된 조항에 따라 책임을 부담합니다. 하지만 계약 내용 및 관련 법규에 따라 책임 분담이 조정될 수 있습니다."
신축 공동주택에서 도배공사 및 목질계 바닥재공사 하자 관리의 국제적 기준은 무엇인가요?,"국제 품질 기준으로는 ISO 9001이 있습니다. 이 기준은 모든 산업 분야에 적용 가능하며, 도배 및 목재 바닥재 시공에도 적용됩니다. ISO 9001은 제품 또는 서비스의 품질을 보장하기 위한 프로세스 및 절차를 정의합니다. 또한 고객 만족을 보장하고 지속적인 개선을 위한 프레임워크를 제공합니다."
신축 공동주택에서 도배공사 및 목질계 바닥재공사의 품질을 평가하는 방법은 무엇인가요?,"도배공사와 목질계 바닥재공사의 품질을 평가하는 방법으로는 시공 전에 정확한 계획과 명세서를 작성하고, 시공 중에는 정기적인 현장 감독과 품질 검사를 실시하는 것이 중요합니다. 시공이 완료된 후에는 시공된 표면의 평평성, 연결 부분의 균질성, 마감재의 완성도 등을 검토하고, 필요에 따라 시공자와 협의하여 보수 및 보강 작업을 수행합니다. 또한, 관련 기준 및 규정을 준수하는지 확인하여 품질을 평가합니다."
실내마감공사 하자 보수 과정에서 환경 보호 및 지속 가능성 고려 사항은 무엇인가요?,"실내 마감공사 하자 보수 과정에서 환경 보호 및 지속 가능성 고려 사항은 다음과 같습니다.

• 친환경 재료 사용: VOC(휘발성 유기화합물) 배출량이 적고, 재활용되거나 재생 가능한 재료 선택

• 저에너지기구 사용: 에너지 효율적인 조명기구,기기 사용으로 에너지 소비량 최소화

• 자원 절약: 자원 낭비 최소화를 위한 재료 절약 설계 및 재활용 가능한 폐기물 분리

• 실내 공기 질 개선: 낮은 VOC 배출 재료 및 환기 시스템을 통해 실내 공기 질 개선

• 건강한 환경 조성: 작업자 및 거주자의 건강과 안전을 보장하는 저자극성 재료 사용"
실내마감공사에서 사용되는 친환경 자재는 어떤 것들이 있나요?,"실내마감공사에서 사용되는 친환경 자재로는 자연석, 대리석, 재생 목재 및 대나무와 같은 자연 소재가 있습니다. 또한, 친환경 페인트, 자연 섬유로 만든 카페트 및 바닥재, 그리고 재활용 가능한 금속 소재도 사용될 수 있습니다. 이러한 자재들은 자연으로부터 얻어지거나 재생되어 환경에 미치는 영향을 최소화하면서도 건강한 실내 환경을 조성하는 데 도움이 됩니다."
공동주택 실내마감공사 하자 보수를 위한 입주민과 시공사 간의 소통 및 협력 방안은 무엇인가요?,"Q: 공동주택 실내마감공사 하자 보수를 위한 입주민과 시공사 간의 소통 및 협력 방안은 무엇인가요?

A: 입주민과 시공사 간의 원활한 소통과 협력이 필수적입니다. 다음과 같은 방안을 고려할 수 있습니다.

* **공개 포털이나 플랫폼 구축:** 하자 신고, 의견 공유, 업데이트 제공을 위한 온라인 플랫폼 생성
* **정기적인 현장 검사 및 회의:** 입주민, 시공사, 설계자의 참여를 통한 진행 상황 검토 및 문제 해결
* **협력 협정 체결:** 책임 분담, 보수 일정, 의사 결정 프로세스 명시
* **독립적인 전문가 또는 조정자 참여:** 중립적인 관점 제공, 소통 촉진, 분쟁 해결
* **적극적인 의사 소통 채널 확보:** 전화, 이메일, 소셜 미디어를 통해 업데이트 제공 및 피드백 수집"
공동주택 실내마감공사에서 발생하는 하자 보수 비용을 최소화하기 위한 전략은 무엇인가요?,"공동주택 실내마감공사에서 발생하는 하자 보수 비용을 최소화하기 위한 전략으로는 품질 관리 강화와 정기적인 유지보수가 중요합니다. 품질 관리를 통해 초기에 하자를 방지하고, 정기적인 유지보수를 통해 문제를 조기에 발견하여 심각한 손실을 방지할 수 있습니다. 또한, 신뢰할 수 있는 시공업체를 선택하고 효과적인 프로젝트 관리를 수행하여 비용을 효율적으로 관리하는 것이 필요합니다."
신축 공동주택 실내마감공사 하자 분석과 관련하여 가장 유용한 기술적 도구는 무엇인가요?,건축정보모델(BIM)
신축 공동주택 실내마감공사에서 가장 효과적인 품질 관리 방법은 무엇인가요?,"신축 공동주택 실내마감공사에서 가장 효과적인 품질 관리 방법은 감독 및 검사 체계의 구축입니다. 이를 통해 공사 현장에서 품질을 지속적으로 모니터링하고 문제점을 조기에 발견할 수 있습니다. 또한, 표준 및 규정을 준수하고 공정한 평가를 통해 품질을 보장할 수 있습니다. 이는 공동주택의 건설 품질을 향상시키는 데 중요한 역할을 합니다."
도배공사와 목질계 바닥재공사 하자 예방을 위한 프로젝트 관리 기법에는 어떤 것들이 있나요?,"도배 공사 및 목질계 바닥재 공사의 하자 예방을 위한 프로젝트 관리 기법 
- 철저한 사전 계획 및 규격화: 세심한 계획, 명확한 사양을 수립하여 모호성을 최소화하세요.
- 자재 검사 및 승인: 설치 전에 재료를 철저히 검사하고 승인하여 품질 표준을 유지하세요.
- 실무자 교육 및 감독: 실무자에게 적절한 교육을 제공하고 숙련된 감독자를 통해 공사를 면밀히 감독하세요.
- 규칙적인 검사 및 품질 관리: 공사 중 규칙적인 검사를 수행하고 품질 기준을 유지하세요.
- 적시 결함 보고 및 수정: 하자를 신속하게 식별하고 수정하기 위한 명확한 프로세스를 마련하세요."
도배공사와 목질계 바닥재공사 하자 예방을 위한 프로젝트 관리 기법 중에서 가장 효과적인 것은 무엇인가요?,"도배공사와 목질계 바닥재공사 하자를 예방하기 위한 프로젝트 관리 기법 중 가장 효과적인 것은 품질관리 시스템의 도입입니다. 이를 통해 공사 진행 중 품질을 철저히 관리하고, 표준 및 규정을 준수할 수 있습니다. 또한, 공사 과정에서 품질 문제가 발생했을 때 신속하게 조치하여 잠재적인 하자를 방지할 수 있습니다. 이를 통해 공사의 품질을 안정화시키고, 하자 발생을 최소화할 수 있습니다."
실내마감공사 하자에 대한 입주민 교육 프로그램의 개발 및 실행 방안은 무엇인가요?,"실내 마감 공사 하자 교육 프로그램 개발 및 이행 방안:

- 교육 자료 개발: 하자 유형, 원인, 예방 조치에 대한 시각 자료, 설명서 제공

- 교육 세미나 및 워크숍 개최: 전문가 초청, 실제 사례 분석, 학습 활동 수행

- 온라인 교육 플랫폼 구축: 하자 정보에 대한 24/7 접근성 제공, 공유된 학습 커뮤니티 육성

- 입주민 대상 정기적인 교육 세션: 시공 과정, 하자 감독 방법, 신고 절차 설명"
실내마감공사 하자를 방지하기 위한 효과적인 입주민 교육 방법은 무엇인가요?,"효과적인 실내마감공사 하자를 방지하기 위한 입주민 교육 방법으로는 주로 다음과 같은 방법이 사용됩니다. 첫째, 워크샵이나 세미나를 통해 입주민들에게 공사과정과 중요한 점을 설명합니다. 둘째, 시연이나 시뮬레이션을 활용하여 실제 공사과정을 보여주고 주의사항을 강조합니다. 셋째, 매뉴얼이나 가이드북을 제공하여 공사 후 유지보수 방법을 안내합니다. 넷째, 정기적인 모임이나 온라인 커뮤니티를 통해 정보를 공유하고 의견을 나눕니다. 이러한 교육 방법은 입주민들이 실내마감공사 하자를 인지하고 예방하는 데 도움이 됩니다."
공동주택 실내마감공사 하자 관련 보험 상품의 필요성 및 설계 방안은 무엇인가요?,"공동주택 실내마감공사 하자 관련 보험 상품의 필요성은 다음과 같습니다.

1. 공사 과정에서 발생할 수 있는 하자를 보장함으로써 건설사의 위험을 줄이고, 소송 비용을 줄일 수 있습니다.
2. 주택을 구매한 거주자에게 안심을 제공하고, 하자 발생 시 보상을 받을 수 있도록 보장합니다.

설계 방안은 다음과 같습니다.

1. 보험 범위를 명확히 정하고, 예외 사항을 명시합니다.
2. 보험 가입자의 자격과 책임을 명확히 합니다.
3. 보험금 청구 절차를 간소화하고, 신속한 지급이 가능하도록 합니다."
"공동주택 실내마감공사 하자 관련 보험 상품은 어떤 종류가 있고, 각각의 특징은 무엇인가요?","공동주택 실내마감공사 하자 관련 보험 상품에는 주로 건축물주택보증보험과 설계책임보험이 포함됩니다. 건축물주택보증보험은 건설사의 하자에 대비하여 건물 전체를 대상으로 보장하며, 건물의 특성에 따라 다양한 종류가 있습니다. 설계책임보험은 설계자의 오류나 부주의로 인한 하자에 대비하여 설계과정에서 발생하는 위험을 보장합니다. 이 두 보험 상품은 각각 건물의 건축물 자체와 설계에 따른 책임을 다르게 다루는 특징이 있습니다."
신축 공동주택에서 도배공사 및 목질계 바닥재공사 하자 관련 연구 및 개발(R&D)의 중요성은 무엇인가요?,"신축 공동주택에서 도배공사 및 목질계 바닥재공사 하자는 주민의 불만족과 분쟁의 주요 원인입니다. 이러한 하자를 방지하고 시공 품질을 향상시키기 위한 연구개발(R&D)는 다음과 같은 이유로 중요합니다.

* 주민 만족도 향상: 하자 없는 시공은 주민의 만족도를 높이고 불만족과 분쟁을 줄입니다.
* 비용 절감: 하자 보수 비용을 줄이고 장기적인 건물 유지관리 비용을 절감합니다.
* 기술력 향상: R&D를 통해 시공자의 기술력을 향상시키고 시공 품질을 개선합니다.
* 신뢰성 확보: 하자 없는 시공은 건설업체의 신뢰성을 높이고 고객의 선호도를 증가시킵니다.
* 산업 발전: R&D를 통해 새로운 시공 방법과 재료를 개발하여 건설 산업의 발전에 기여합니다."
신축 공동주택에서 도배공사 및 목질계 바닥재공사의 품질을 향상시키기 위해 어떤 기술적인 혁신이 필요한가요?,"신축 공동주택에서 도배공사 및 목질계 바닥재공사의 품질을 향상시키기 위해 현장 관리 및 감독을 자동화하고 디지털화하는 기술적인 혁신이 필요합니다. 예를 들어, 건축 현장에서의 스마트 센서 기술을 활용하여 자동으로 공사 품질을 모니터링하고 결함을 식별하는 시스템을 도입함으로써 효율성을 높일 수 있습니다. 또한 가상현실(VR)이나 증강현실(AR)을 활용하여 설계도면과 실제 공사 현장을 연동하여 작업자들에게 시각적인 안내를 제공함으로써 공사 품질을 개선할 수 있습니다."
1960년대부터 현재까지의 공동주택 설계 변천 과정은 어떻게 발전해왔나요?,"
1960년대부터 현재까지 공동주택 설계는 기능 중심에서 시작해 생활 편의성, 에너지 효율성, 그리고 친환경적 요소를 중시하는 방향으로 발전해왔습니다. 초기에는 단순한 형태와 구조에 초점을 맞추었으나, 점차 주거의 질을 높이고 다양한 생활 needs를 반영하기 위한 설계 혁신이 이루어졌습니다. 최근에는 스마트 홈 기술의 통합과 지속 가능한 건축물을 위한 녹색 건축 기준이 강조되고 있습니다."
1960년대 이후 공동주택 설계에서 가장 혁신적인 변화는 무엇이었나요?,"1960년대 이후 공동주택 설계에서 가장 혁신적인 변화 중 하나는 지속가능한 건축 원칙의 강조입니다. 에너지 효율성과 환경 친화적 설계가 중요시되며, 자연채광과 자연환경을 고려한 건축물이 많아졌습니다. 또한 공동주택 내부 공간의 다양성과 사용자 편의성을 고려한 설계가 강조되었습니다."
공동주택에서 발생하는 주요 하자 유형에는 어떤 것들이 있나요?,"
공동주택에서 발생하는 주요 하자 유형으로는 구조적 문제, 방수 및 단열 문제, 설비 관련 문제, 그리고 실내 마감 결함이 있습니다."
공동주택에서 발생하는 주요 하자 유형을 예방하기 위한 방법은 무엇인가요?,"공동주택에서 발생하는 주요 하자 유형을 예방하기 위한 방법은 다양합니다. 먼저, 설계 및 시공 단계에서 품질 관리를 강화하고, 적절한 재료 및 기술을 선택하여 내구성을 향상시킵니다. 또한 정기적인 점검과 유지보수를 실시하여 시설을 체계적으로 관리하며, 거주자 교육을 강화하여 적극적인 참여를 유도합니다. 표준을 준수하는 것도 중요하며, 규제 및 규범을 엄격히 시행하여 예방에 힘쓰는 것이 필요합니다."
공동주택 하자의 주요 원인은 무엇으로 분석되었나요?,"
공동주택 하자의 주요 원인은 설계 오류, 재료의 질 저하, 시공상의 실수, 그리고 유지 관리 부족으로 분석되었습니다."
공동주택 하자를 예방하기 위한 주요 전략은 무엇인가요?,"공동주택 하자를 예방하기 위한 주요 전략은 다양합니다. 먼저, 품질 관리 시스템을 강화하여 설계 및 시공 단계에서의 품질을 보장하는 것이 중요합니다. 또한, 새로운 기술과 재료의 적용을 통해 하자 발생 가능성을 줄이고, 정기적인 점검 및 유지보수를 통해 조기 발견 및 대응을 진행해야 합니다. 소비자 교육과 참여를 강화하여 하자에 대한 인식을 높이는 것도 효과적인 방법입니다."
시대별 공동주택 하자 발생 특징과 변화 과정을 설명해주세요.,"
시대별 공동주택 하자 발생 특징은 초기에는 주로 구조적 안정성과 기본적인 기능에 문제가 많았으며, 시간이 지남에 따라 건축 자재의 품질 문제, 설계의 복잡성 증가, 고급화된 기대 수준에 부응하지 못하는 문제로 변화해왔습니다. 최근에는 에너지 효율성, 친환경 건축물로의 전환 과정에서 새로운 유형의 하자가 발생하고 있습니다."
시대별 공동주택의 하자 발생률을 낮추기 위한 노력은 어떠한가요?,"공동주택의 하자 발생률을 낮추기 위한 노력은 시대별로 다양합니다. 최신 기술과 재료의 적용, 정교한 설계 및 시공 기술의 도입, 품질 관리 시스템의 강화 등이 그 중요한 요소입니다. 또한, 규제와 규범의 강화, 교육 및 훈련 프로그램의 확대, 소비자 참여 강화 등도 중요한 역할을 합니다. 이러한 종합적인 접근으로 하자 발생을 예방하고 최소화할 수 있습니다."
공동주택 설계와 하자 유형 간의 관계는 어떻게 분석되었나요?,"
공동주택 설계와 하자 유형 간의 관계는 설계 단계에서의 결정과 선택이 하자 발생에 직접적인 영향을 미친다고 분석되었습니다. 즉, 설계 과정에서의 세심한 주의와 정확한 기술 적용이 하자 발생을 크게 줄일 수 있음을 의미합니다."
공동주택 설계에서 어떤 요소가 하자 유형에 영향을 미치나요?,"공동주택 설계에서 하자 유형에 영향을 미치는 요소는 여러 가지가 있습니다. 첫째, 재료의 선택과 품질은 중요합니다. 부적절한 재료 또는 품질 저하가 하자 발생의 원인이 될 수 있습니다. 둘째, 설계 과정에서의 오류나 부적절한 구조 설계도 하자를 초래할 수 있습니다. 또한, 환경 요소나 지리적인 조건도 고려해야 합니다. 마지막으로, 시공과정에서의 감독과 품질관리 역시 중요한 영향을 미칩니다."
공동주택의 하자 예방 및 관리를 위한 주요 방안에는 어떤 것들이 제안되었나요?,"
공동주택의 하자 예방 및 관리를 위해 제안된 주요 방안으로는 철저한 설계 검토, 고품질 자재 사용, 전문 시공 인력 활용, 정기적인 유지 보수 및 점검, 그리고 사용자 교육과 정보 제공이 있습니다."
공동주택의 하자 예방 및 관리를 위한 주요 방안 중 가장 효과적인 것은 무엇인가요?,"공동주택의 하자 예방 및 관리를 위한 주요 방안 중 가장 효과적인 것은 예방적인 접근입니다. 초기 설계 및 시공 단계에서 품질 관리를 강화하고, 정기적인 점검 및 유지보수를 통해 하자가 발생하기 전에 문제를 해결하는 것이 중요합니다. 또한, 입주자 교육과 소비자 참여를 통해 하자를 신속하게 파악하고 적절히 대응할 수 있도록 하는 것도 효과적입니다."
공동주택 하자 관리에서 소비자 만족도 향상을 위한 전략은 무엇인가요?,"
공동주택 하자 관리에서 소비자 만족도 향상 전략은 투명한 정보 공유, 신속한 하자 대응 시스템 구축, 지속적인 고객 소통 및 피드백 수렴, 그리고 사후 서비스 강화에 중점을 둡니다."
공동주택 하자 관리에서 소비자 만족도를 높이기 위한 핵심 요소는 무엇인가요?,"공동주택 하자 관리에서 소비자 만족도를 높이기 위한 핵심 요소는 투명성과 소통입니다. 소비자가 하자 상황을 명확히 이해하고, 보수 과정에 대한 정보를 제공받을 수 있을 때 신뢰감을 가지며 만족도가 높아집니다. 또한, 빠르고 효과적인 대응과 문제 해결 능력도 중요합니다. 이를 통해 소비자는 자신의 의견이 존중되고 신속하게 해결될 것임을 믿게 되어 만족도가 증가할 수 있습니다."
1990년대부터 2010년대까지 공동주택 하자유형의 변화와 그 원인에 대해 설명해주세요.,"
1990년대부터 2010년대까지 공동주택 하자유형은 단순 구조적 문제에서 복잡한 설비 관련 문제로 변화하였습니다. 이는 건축 기술의 발전, 건축 자재의 다양화, 그리고 주거자의 기대치 상승으로 인한 고급화 요구가 주요 원인입니다. 또한, 환경적 요소에 대한 인식 증가로 인한 친환경 설계 적용의 부작용도 하자유형 변화에 영향을 미쳤습니다."
1990년대부터 2010년대까지 공동주택 하자유형의 변화를 주도한 주요 요인은 무엇이었나요?,"1990년대부터 2010년대까지 공동주택 하자유형의 변화를 주도한 주요 요인은 기술 발전과 건축 재료의 변화, 건축 규제의 강화, 그리고 소비자의 요구 변화 등이었습니다. 기술 발전으로 인해 새로운 건축 재료와 시공 기술이 도입되었고, 건축 규제의 강화로 안전과 품질에 대한 요구가 높아졌습니다. 또한, 소비자들의 삶의 품질에 대한 요구가 증가함에 따라 더 나은 주거 환경을 제공하기 위한 노력이 늘어났습니다."
공동주택 하자 관련 소비자 중심의 패턴 변화는 어떤 영향을 미쳤나요?,"
공동주택 하자 관련 소비자 중심의 패턴 변화는 하자 처리 절차의 투명성 증가, 소비자 권리 보호 강화, 그리고 제품 및 서비스 품질 향상을 이끌었습니다. 이러한 변화는 소비자 만족도를 높이고, 건설사의 책임 의식을 강화하는 등 긍정적인 영향을 미쳤습니다."
공동주택 하자 관련 소비자 중심의 패턴 변화가 건설업계에 미치는 영향은 무엇인가요?,"공동주택 하자 관련 소비자 중심의 패턴 변화는 건설업계에 중요한 영향을 미칩니다. 소비자들이 더 높은 품질과 안전성을 요구하고 있어 건설업체들은 이에 대응하기 위해 품질 관리 및 안전 조치를 강화해야 합니다. 또한, 소비자들의 불만을 최소화하고 만족도를 높이기 위해 공동주택 설계 및 시공 과정에서 더 많은 주의를 기울여야 합니다. 이를 통해 건설업계는 신뢰와 평판을 유지하면서 더 나은 서비스를 제공할 수 있습니다."
공동주택 하자 보수 비용 절감 및 하자 최소화를 위한 구체적인 제안에는 어떤 것이 있나요?,"공동주택 하자 보수 비용 절감 및 하자 최소화를 위한 구체적인 제안으로는 첨단 건축 자재의 선택적 사용, 정밀한 설계 및 시공 기술 적용, 초기 단계에서의 철저한 품질 관리, 그리고 정기적인 유지보수 및 교육 프로그램 운영이 있습니다. 이러한 접근은 장기적으로 건물의 수명을 연장시키고, 유지보수 비용을 상당히 줄일 수 있습니다."
공동주택 하자 보수 비용을 줄이기 위한 효과적인 전략은 무엇인가요?,"공동주택 하자 보수 비용을 줄이기 위한 효과적인 전략은 몇 가지가 있습니다. 먼저, 정기적인 예방 정비와 점검을 통해 문제가 발생하기 전에 조치하는 것이 중요합니다. 또한, 신속하고 효율적인 보수 작업을 위해 신뢰할 수 있는 업체나 자재를 선택하는 것이 중요합니다. 더불어, 장기적인 관점에서 수리나 개선이 필요한 부분을 사전에 파악하여 예산을 효율적으로 관리하는 것도 필요합니다. 마지막으로, 입주민들과의 커뮤니케이션을 강화하고 협력하여 보수 작업에 대한 이해도를 높이는 것이 중요합니다."
공동주택 하자 발생 시 대응 전략과 프로세스 개선 방안은 무엇인가요?,"공동주택 하자 발생 시 대응 전략과 프로세스 개선 방안으로는 하자 신고 시스템의 디지털화, 신속한 대응 팀 구성, 하자 분류 기준 마련, 그리고 사후 처리의 효율성 증대를 위한 지속적인 교육 및 훈련이 포함됩니다. 이러한 접근은 하자 처리 속도를 높이고, 소비자 만족도를 개선하는 데 기여할 것입니다."
공동주택 하자 발생 시 효과적인 대응을 위한 핵심 전략은 무엇인가요?,"공동주택 하자 발생 시 효과적인 대응을 위한 핵심 전략은 다음과 같습니다. 먼저, 빠른 대응과 문제 해결이 중요합니다. 문제의 심각성을 정확히 파악하고 적절한 조치를 취하여 더 큰 문제로 확대되지 않도록 합니다. 또한, 투명하고 개방적인 커뮤니케이션을 유지하여 입주민들과의 신뢰를 구축하고 협력을 이끌어내는 것이 중요합니다. 마지막으로, 공동주택 관리팀과의 적극적인 협력을 통해 문제를 신속하게 해결하고 유지보수 계획을 수립하여 미래에 발생할 수 있는 문제를 예방하는 것이 필요합니다."
시공 단계에서의 하자 예방을 위한 세부 조치는 어떤 것들이 있나요?,"시공 단계에서 하자 예방을 위한 세부 조치로는 철저한 설계 검토 및 시공 계획 수립, 고급 자재 사용, 숙련된 인력 배치, 공정별 품질 검사 강화, 그리고 시공 중 발생할 수 있는 문제에 대한 사전 대비책 마련이 있습니다. 이 조치들은 품질 관리를 강화하고, 잠재적인 하자를 사전에 차단하는 데 중요합니다."
시공 단계에서의 하자 예방을 위한 세부 절차는 무엇인가요?,"시공 단계에서의 하자 예방을 위한 세부 절차는 다음과 같습니다. 먼저, 정확한 설계 및 계획 수립이 중요합니다. 이후, 자재 및 장비의 품질을 확인하고 표준을 준수하는 것이 필요합니다. 시공 중에는 정기적인 감독과 품질 검사를 실시하여 문제를 조기에 발견하고 수정할 수 있도록 합니다. 또한, 작업자들에게 적절한 교육과 훈련을 제공하여 안전하고 효율적인 작업을 할 수 있도록 합니다. 마지막으로, 시공 과정에서 발생하는 문제에 대한 신속한 대응과 수정을 통해 품질을 유지하고 하자를 최소화합니다."
공동주택의 하자 분석을 통해 도출된 관리 중점 대상 공종에는 어떤 것들이 있나요?,"공동주택 하자 분석을 통해 도출된 관리 중점 대상 공종으로는 방수, 단열, 설비, 그리고 실내 마감 공사가 있습니다. 이 공종들은 하자 발생 빈도가 높고, 주거 품질에 직접적인 영향을 미치기 때문에 세심한 관리가 요구됩니다."
공동주택의 하자 분석을 통해 도출된 관리 중점 대상 공종 중 가장 중요한 것은 무엇인가요?,공동주택의 하자 분석을 통해 도출된 관리 중점 대상 공종 중 가장 중요한 것은 건축구조물과 관련된 부분입니다. 건축구조물의 안전성과 내구성은 주거 공간의 안정성을 결정하는 중요한 요소이기 때문에 이에 대한 관리와 유지보수가 필요합니다. 이를 통해 건물의 구조적 문제를 예방하고 안전한 주거 환경을 유지할 수 있습니다.
공동주택 하자 관련 법적 분쟁 해결 방안에 대한 연구 결과는 무엇인가요?,"공동주택 하자 관련 법적 분쟁 해결 방안에 대한 연구 결과로는 분쟁 예방을 위한 사전 조정 시스템 구축, 전문가에 의한 중립적인 하자 평가 시스템 도입, 그리고 하자 보수 책임 기간 연장과 같은 법적 기준 강화가 제안되었습니다. 이러한 접근은 분쟁의 신속한 해결과 공정한 판단을 가능하게 하여 소비자 보호를 강화할 수 있습니다."
공동주택 하자 관련 법적 분쟁을 예방하기 위한 전략은 무엇인가요?,"공동주택 하자 관련 법적 분쟁을 예방하기 위한 전략으로는 명확하고 상세한 계약 조항의 도입이 중요합니다. 계약서에는 건축물의 품질 기준, 보수 및 유지보수 책임, 분쟁 해결 절차 등이 명시되어야 합니다. 또한 건축사와 시공사 간의 원활한 의사소통과 협력을 강조하며, 건축물의 설계 및 시공 단계에서의 품질 감시와 검사가 필요합니다. 이렇게 함으로써 갈등이나 분쟁의 가능성을 최소화할 수 있습니다."
공동주택 하자 보수 과정에서 고려해야 할 환경 보호 및 지속 가능성 고려 사항은 무엇인가요?,"공동주택 하자 보수 과정에서 환경 보호 및 지속 가능성을 고려할 사항으로는 친환경 자재의 사용, 에너지 효율적인 설계 적용, 재활용 가능한 자재 활용, 그리고 공사 과정에서의 자원 절약 및 폐기물 최소화가 있습니다. 이러한 접근은 환경 영향을 줄이고 지속 가능한 주거 환경을 조성하는 데 기여합니다."
공동주택 하자 보수 시 환경 보호를 위해 어떤 대책을 취할 수 있을까요?,공동주택 하자 보수 시 환경 보호를 위해 대책으로는 환경 친화적인 재료와 기술을 활용할 수 있습니다. 재생 가능 에너지원을 사용하거나 에너지 효율적인 시스템을 도입하여 에너지 소비를 줄이는 것이 가능합니다. 또한 재활용 가능한 자원을 사용하고 재활용 프로세스를 적용하여 폐기물을 최소화할 수 있습니다. 이러한 접근 방식은 공동주택 하자 보수 작업에서 환경적 영향을 최소화하는데 도움이 될 것입니다.
공동주택 설계 변천에 따른 하자 발생 패턴 분석을 통해 앞으로의 주거 트렌드 예측은 어떻게 되나요?,"공동주택 설계 변천에 따른 하자 발생 패턴 분석을 통한 앞으로의 주거 트렌드 예측은 스마트 홈 기술의 통합, 고도화된 에너지 효율성, 그리고 사용자 중심의 유연한 공간 설계가 주요 추세가 될 것으로 보입니다. 이러한 변화는 거주자의 편의성 증대와 함께 환경 지속 가능성에 기여하는 방향으로 발전할 것입니다."
공동주택 설계 변천에 따른 하자 발생 패턴 분석을 통해 앞으로의 주거 시장 변화를 예측할 수 있을까요?,공동주택 설계 변천에 따른 하자 발생 패턴 분석을 통해 앞으로의 주거 시장 변화를 예측하는 것이 가능합니다. 과거의 하자 발생 패턴을 분석하여 특정 설계 결함이나 시공 방법의 빈도와 심각성을 이해할 수 있습니다. 이를 토대로 보다 효율적이고 안전한 건축 기술과 관리 방법을 개발하여 미래의 주거 시장에 적용할 수 있습니다. 이는 시장의 트렌드에 대한 예측과 공동주택의 품질 향상을 위한 중요한 도구가 될 수 있습니다.
공동주택 하자 관리에서 정보 기술(IT)의 역할과 기대 효과는 무엇인가요?,"공동주택 하자 관리에서 정보 기술(IT)의 역할은 하자 접수 및 처리 과정의 디지털화, 실시간 모니터링 시스템 구축, 그리고 데이터 기반의 예측 분석을 통한 예방 관리에 있습니다. 이를 통해 효율성과 투명성이 증가하고, 하자 발생률 감소와 소비자 만족도 향상이 기대됩니다."
공동주택 하자 관리에서 정보 기술(IT)이 적용되면 어떤 변화가 있을까요?,"공동주택 하자 관리에 정보 기술(IT)을 적용하면 다음과 같은 변화가 있을 수 있습니다:

1. 실시간 모니터링: 건물 상태를 실시간으로 모니터링하여 문제를 빠르게 감지하고 대응할 수 있습니다.
2. 자동화된 보고서 생성: IT 시스템을 통해 자동으로 하자 보고서를 생성하여 작업 효율을 향상시킵니다.
3. 클라우드 기반 데이터 저장: 데이터를 클라우드에 저장하여 접근성을 높이고, 보안 및 백업을 강화합니다.
4. IoT 기기 연동: 건물 내 다양한 IoT 기기와 연동하여 데이터 수집과 분석을 통해 하자를 예방하고 효율적으로 관리할 수 있습니다.
5. 모바일 애플리케이션: 모바일 애플리케이션을 통해 입주민들이 하자를 신고하고 추적할 수 있으며, 관리자는 신속한 대응이 가능합니다."
공동주택 하자의 시공사 책임 범위와 입주민 권리 보호 방안에 대해 설명해주세요.,"공동주택 하자의 시공사 책임 범위는 하자 보증 기간 내에 발생한 구조적, 기능적 문제에 대한 전반적인 보수 및 개선 작업을 포함합니다. 입주민 권리 보호 방안으로는 하자 관련 명확한 정보 제공, 신속한 대응 및 보수 서비스 제공, 그리고 하자 분쟁 해결을 위한 중재 및 조정 시스템의 마련이 있습니다. 이러한 조치들은 입주민의 권리를 보호하고, 신뢰성 있는 주거 환경을 유지하는 데 기여합니다."
공동주택 하자의 시공사 책임 범위를 넘어서는 경우에는 어떤 조치를 취해야 하나요?,"공동주택 하자의 시공사 책임 범위를 넘어선 경우, 다음과 같은 조치를 취할 수 있습니다:

1. 전문적인 법률 자문을 받아 책임 범위를 명확히 파악하고, 추가 책임이 필요한 경우 적절한 대응을 결정합니다.
2. 추가 보수나 개선 작업이 필요한 경우 해당 부분을 시공사나 관련 당사자와 협의하여 합의를 이끌어냅니다.
3. 필요한 경우 보험사와 협의하여 보험금 청구 등의 절차를 진행합니다.
4. 소비자와의 원만한 해결을 위해 협상을 시도하고, 분쟁이 심각한 경우 중재나 소송 등의 법적 절차를 고려합니다."
공동주택 하자 보수 과정에서의 입주민 참여와 소통 강화 방안은 무엇인가요?,"공동주택 하자 보수 과정에서 입주민 참여와 소통을 강화하는 방안으로는 온라인 플랫폼을 통한 실시간 하자 정보 공유, 정기적인 입주민 대상 설명회 개최, 입주민 의견을 반영한 맞춤형 보수 계획 수립, 그리고 하자 보수 진행 상황에 대한 지속적인 업데이트 제공이 있습니다. 이러한 접근은 입주민의 이해와 만족도를 높이며, 투명하고 신뢰할 수 있는 하자 관리 체계를 구축하는 데 기여합니다."
공동주택 하자 보수 과정에서 입주민들이 적극적으로 참여할 수 있는 방법은 무엇인가요?,"공동주택 하자 보수 과정에서 입주민들이 적극적으로 참여할 수 있는 방법은 다음과 같습니다:

1. 입주민 회의 및 워크샵을 통한 의견 수렴
2. 온라인 플랫폼을 활용한 의견 제시 및 투표
3. 하자 보수 작업 현황을 주기적으로 업데이트하는 소식지나 이메일 발송
4. 입주민들의 요구사항을 듣고 반영하는 공간을 마련하는 등의 소통 채널 개선
5. 하자 보수 작업의 진행 상황을 입주민들과 공유하고 투명하게 관리하여 신뢰를 구축함."
공동주택 하자 관리를 위한 정책 및 제도 개선 방안은 어떤 것이 있나요?,"공동주택 하자 관리를 위한 정책 및 제도 개선 방안으로는 하자 보증 기간 연장, 하자 관련 정보의 투명한 공개, 하자 심사 및 분쟁 해결을 위한 독립 기구 설립, 그리고 하자 예방을 위한 설계 및 시공 기준 강화가 있습니다. 이러한 개선안은 하자 관리의 효율성과 공정성을 높이며, 입주민의 권리 보호를 강화하는 데 기여할 것입니다."
공동주택 하자 관리를 효율적으로 수행하기 위한 전문가들의 교육 프로그램은 어떤 것이 있을까요?,1. 입주민 회의 및 워크샵을 통한 의견 수렴
공동주택 하자 유형에 따른 구체적인 보수 방법 및 기술적 해결책은 무엇인가요?,"공동주택 하자 유형에 따른 구체적인 보수 방법 및 기술적 해결책으로는 구조적 하자의 경우 보강 공사를 통한 안전성 확보, 방수 문제에는 고성능 방수재 적용 및 재방수 작업, 단열 문제에는 추가 단열재 설치나 단열 성능 개선 기술 적용, 설비 관련 하자는 최신 설비 기술로의 교체나 개선, 실내 마감 하자는 재료의 교체 및 마감 기법의 개선을 포함합니다. 이러한 방법과 기술적 해결책은 하자의 근본 원인을 해결하고 장기적인 품질 유지에 기여합니다."
공동주택 하자 유형에 따라 필요한 보수 예산은 어떻게 산정되나요?,2. 온라인 플랫폼을 활용한 의견 제시 및 투표
"공동주택 설계 변천 과정에서 주목할 만한 신기량과 소재는 무엇이며, 이에 대한 시공사의 대응 전략은 어떠해야 하나요?","공동주택 설계 변천 과정에서 주목할 만한 신기량과 소재로는 친환경 건축 자재, 에너지 효율을 극대화하는 스마트 홈 시스템, 그리고 경량화되면서도 고강도를 자랑하는 구조재 등이 있습니다. 시공사의 대응 전략은 이러한 신기술과 소재에 대한 지속적인 연구와 교육을 통해 기술력을 강화하고, 혁신적인 설계 적용 가능성을 모색하여 경쟁력을 확보하는 것이어야 합니다. 또한, 지속 가능한 건축을 위한 새로운 기준에 맞춰 시공 방법을 개선하고, 효율적인 자원 관리 및 환경 보호에 기여해야 합니다."
"공동주택 설계에서 혁신적인 기술과 소재는 무엇이 있으며, 시공사는 이를 어떻게 활용해야 할까요?",3. 하자 보수 작업 현황을 주기적으로 업데이트하는 소식지나 이메일 발송
공동주택 하자 분석을 통해 알 수 있는 주거 문화와 소비자 선호의 변화 추세는 어떻게 되나요?,"공동주택 하자 분석을 통해 알 수 있는 주거 문화와 소비자 선호의 변화 추세는 개인의 취향과 생활 방식에 맞춘 맞춤형 설계, 친환경적이고 지속 가능한 건축 소재에 대한 선호 증가, 그리고 스마트 홈 기술을 통한 편의성 및 안전성 강화에 대한 요구로 나타납니다. 이러한 추세는 소비자들이 단순한 거주 공간을 넘어 개성과 가치를 반영한 주거 환경을 추구한다는 것을 반영합니다."
공동주택 하자 분석을 통해 파악된 주거 환경 개선을 위한 주요 정책은 무엇인가요?,4. 입주민들의 요구사항을 듣고 반영하는 공간을 마련하는 등의 소통 채널 개선
공동주택 하자에 대한 정기적인 점검 및 유지보수의 중요성에 대해 설명해주세요.,"공동주택 하자에 대한 정기적인 점검 및 유지보수의 중요성은 건물의 안전성과 장기적인 내구성을 확보하며, 입주민의 생활 품질을 높이는 데 기여합니다. 정기 점검을 통해 초기 단계에서 하자를 발견하고 조치함으로써, 큰 규모의 보수 작업과 비용 발생을 예방할 수 있습니다. 또한, 건물의 가치를 유지하고 입주민의 만족도를 향상시키는 효과적인 방법입니다."
공동주택의 정기적인 점검과 유지보수가 미뤄지면 어떤 문제가 발생할 수 있나요?,5. 하자 보수 작업의 진행 상황을 입주민들과 공유하고 투명하게 관리하여 신뢰를 구축함.
공동주택에서 발생하는 하자와 관련된 입주자 교육 및 인식 개선 프로그램은 어떤 내용을 포함해야 하나요?,"공동주택에서 발생하는 하자와 관련된 입주자 교육 및 인식 개선 프로그램은 하자 식별 방법, 적절한 하자 신고 절차, 기본적인 하자 대응 방법, 유지보수의 중요성, 그리고 건축물의 올바른 사용법에 대한 정보를 포함해야 합니다. 이러한 프로그램은 입주자들이 하자에 대해 올바르게 이해하고, 적극적으로 대응할 수 있는 능력을 키우며, 장기적으로는 하자 발생률 감소와 주거 만족도 향상에 기여할 수 있습니다."
공동주택의 하자 발생 시 입주자 교육이 왜 중요한가요?,"공동주택의 하자 발생 시 입주자 교육은 중요합니다. 이는 입주자가 건물의 구조, 시설, 유지보수에 대한 이해를 높이고, 하자를 조기에 발견하고 보고할 수 있도록 하기 위함입니다. 또한 올바른 사용 및 관리 방법을 알려주어 하자 발생을 예방하고, 발생 시 신속한 조치를 취할 수 있도록 합니다. 이는 건물의 안전성과 편의성을 유지하는 데 중요한 역할을 합니다."
공동주택 하자보수 과정에서 발생할 수 있는 안전 문제와 그 예방 대책은 무엇인가요?,"공동주택 하자보수 과정에서 발생할 수 있는 안전 문제로는 작업 중인 공사 구역 내외부에서의 낙하 사고, 전기적 위험, 화재, 그리고 화학물질 노출 등이 있습니다. 이러한 문제들의 예방 대책으로는 충분한 안전 교육 및 장비 제공, 작업 구역의 명확한 표시 및 격리, 전기 및 화재 예방을 위한 조치, 그리고 화학물질 사용 시 적절한 보호 장비 착용과 환기 조치가 필요합니다. 이를 통해 하자보수 작업의 안전성을 보장할 수 있습니다."
공동주택 하자보수 과정에서 안전 문제를 최소화하기 위해 어떤 절차를 따라야 하나요?,"공동주택 하자보수 과정에서 안전 문제를 최소화하기 위해선 다음과 같은 절차를 따라야 합니다. 먼저, 작업장 내 안전 규정을 엄격히 준수하고, 작업자에게 안전 교육을 제공해야 합니다. 그 후, 작업 전 안전 점검을 실시하고, 안전 장비를 사용하도록 합니다. 작업 중에는 계속해서 작업환경을 모니터링하고, 발생할 수 있는 위험을 사전에 예방하며, 사고 발생 시 신속하고 적절하게 대응합니다."
공동주택 설계와 하자 유형 분석을 통해 밝혀진 새로운 건축 기술과 재료의 적용 사례는 무엇인가요?,"공동주택 설계와 하자 유형 분석을 통해 밝혀진 새로운 건축 기술과 재료의 적용 사례로는 친환경 건축 자재 사용, 스마트 홈 시스템 통합, 그리고 에너지 효율성을 극대화하는 고성능 단열재 및 창호의 적용이 있습니다. 이러한 기술과 재료들은 건물의 에너지 소비를 줄이고, 주거환경의 편의성과 안전성을 향상시키며, 장기적으로 지속 가능한 건축을 실현하는 데 기여하고 있습니다."
새로운 건축 기술과 재료의 적용 사례가 공동주택 설계와 하자 유형 분석을 어떻게 변화시켰나요?,"새로운 건축 기술과 재료의 적용은 공동주택 설계와 하자 유형 분석에 혁신을 가져왔습니다. 예를 들어, 지능형 건축 시스템과 친환경 재료의 도입으로 에너지 효율성이 향상되었고, 디지털 시뮬레이션 기술을 통해 건물 구조와 재료의 성능을 사전에 분석할 수 있게 되었습니다. 이로써 설계 과정에서 발생할 수 있는 잠재적인 하자를 사전에 예방하고, 건축물의 내구성과 안전성을 향상시킬 수 있게 되었습니다."
공동주택 하자 관련 데이터베이스 구축의 필요성과 활용 방안은 어떤 것이 있나요?,"공동주택 하자 관련 데이터베이스 구축의 필요성은 하자 유형, 발생 빈도, 처리 기간 등의 정보를 체계적으로 관리하여 하자 예방 및 대응 전략 수립에 기여하기 위함입니다. 활용 방안으로는 하자 발생 패턴 분석, 효율적인 유지보수 계획 수립, 입주민 대상 교육 자료 제공, 그리고 신규 공동주택 설계 시 참고 자료로 활용하여 설계 오류를 최소화하는 것 등이 있습니다. 이는 건축 품질 향상과 입주민 만족도 증진에 기여할 수 있습니다."
공동주택 하자 관련 데이터베이스를 구축하는 데 필요한 기술적 요소는 무엇인가요?,"공동주택 하자 관련 데이터베이스를 구축하는 데 필요한 기술적 요소로는 먼저, 데이터 수집과 관리를 위한 효율적인 시스템이 필요합니다. 이를 위해 데이터베이스 설계와 구현에 대한 전문 지식이 필요합니다. 또한, 데이터의 정확성과 일관성을 보장하기 위한 데이터 품질 관리 기술과 보안 기술도 필수적입니다. 그리고 사용자 인터페이스의 직관적인 설계와 데이터 검색 및 분석 기능을 강화하는 기술적 요소도 고려되어야 합니다."
공동주택 하자 발생 시 소비자의 불만 해소와 만족도 제고를 위한 실질적인 조치는 어떤 것들이 있나요?,"공동주택 하자 발생 시 소비자의 불만 해소와 만족도 제고를 위한 실질적인 조치로는 신속한 하자 접수 시스템 운영, 투명한 정보 공유를 통한 소비자 신뢰 구축, 하자 보수 진행 상황의 정기적인 업데이트 제공, 그리고 하자 완료 후 소비자 만족도 조사 및 피드백 수집이 있습니다. 이러한 조치들은 소비자 문제를 적극적으로 해결하고, 소비자와의 소통을 강화함으로써 장기적인 고객 관계를 유지하는 데 기여합니다."
공동주택 하자 발생 시 소비자의 불만 해소와 만족도 제고를 위한 실질적인 방안은 무엇인가요?,"소비자의 불만 해소와 만족도 제고를 위한 실질적인 방안으로는 먼저, 개별 사안에 대한 신속하고 투명한 응대가 중요합니다. 문제 해결을 위한 적극적인 대책 마련과 그에 대한 소통은 신뢰를 증진시키고 만족도를 높일 수 있습니다. 또한, 향후 유사한 문제를 예방하기 위한 계획 수립과 투명한 품질 보증 제도 도입이 필요합니다. 최종적으로는 소비자의 의견을 수렴하고 피드백을 반영하여 서비스 품질을 지속적으로 향상시켜야 합니다."
공동주택 하자 보수 업체의 선정 및 관리 기준은 어떻게 되어야 하나요?,"공동주택 하자 보수 업체의 선정 및 관리 기준은 기술력과 경험, 이전 공사 실적, 그리고 인증과 자격증 보유 여부 등을 고려해야 합니다. 또한, 업체의 신뢰성과 안정성, 고객 서비스 수준, 그리고 비용 효율성도 중요한 요소입니다. 업체의 성능은 정기적인 평가와 모니터링을 통해 확인되어야 하며, 고객 의견과 불만 사항을 철저히 고려하여 관리되어야 합니다. 이를 통해 공동주택의 보수 및 유지보수 작업의 품질을 유지할 수 있습니다."
공동주택 하자 보수 업체의 선정 및 관리에 있어서 가장 중요한 요소는 무엇인가요?,"공동주택 하자 보수 업체의 선정 및 관리에 있어서 가장 중요한 요소는 신뢰성과 전문성입니다. 업체의 이전 작업 이력과 고객 평가를 확인하여 신뢰할 만한 업체를 선정해야 합니다. 또한, 해당 업체의 전문 기술과 경험을 평가하여 하자 보수 작업을 효과적으로 수행할 수 있는 능력을 확인해야 합니다. 업체의 관리는 계약 및 일정 준수, 품질 관리, 소통 등을 철저히 추적하고 관리해야 합니다."
공동주택 하자 보수 비용 산정 및 관리 방안에 대해 설명해주세요.,"공동주택 하자 보수 비용 산정 및 관리 방안은 먼저 보수 대상 및 범위를 명확히 정의하고, 여러 업체로부터 견적을 받아 비용을 비교 분석합니다. 이후 예산을 설정하고 지출을 추적하여 예산 범위 내에서 프로젝트를 관리합니다. 또한 예기치 못한 비용이 발생할 경우를 대비하여 비상 예산을 확보하고, 비용 증가 요인을 추적하고 관리하여 투명성을 유지합니다. 이러한 방안은 보수 작업을 효율적으로 계획하고 비용을 효과적으로 관리하여 재정적 안정성을 확보합니다."
공동주택의 하자 보수 비용을 최소화하기 위한 전략은 무엇인가요?,"공동주택의 하자 보수 비용을 최소화하기 위한 전략은 정기적이고 체계적인 유지보수를 강화하는 것입니다. 예방적인 접근으로 주기적인 점검과 보수를 실시하여 잠재적인 문제를 조기에 발견하고 해결함으로써 더 큰 손해를 예방할 수 있습니다. 또한, 품질 좋은 자재와 신뢰성 있는 시공사를 선택하여 하자 발생 가능성을 줄이는 것도 중요합니다."
공동주택 하자와 관련된 보험 상품의 필요성과 그 특징은 무엇인가요?,"공동주택 하자와 관련된 보험 상품은 예를 들어 건물 소유자 및 거주자를 보호하는 건물 소유자 책임 보험과 건물 구조물의 하자로 인한 손해를 보호하는 건물 손해 보증 보험이 있습니다. 이러한 보험은 건물 소유자 및 입주민의 재정적 안정성을 보장하고, 하자로 인한 재정적 손실을 방지합니다. 또한, 보험은 건축물 품질 향상에 기여하고, 투자자와 소비자 신뢰를 증진시킵니다."
"공동주택 하자 보험의 가입 대상은 무엇이며, 어떤 혜택을 제공하나요?","공동주택 하자 보험은 건물 소유자, 건설사, 시공사 등이 가입 대상입니다. 이 보험은 건물의 구조적 하자나 시공 결함으로 인한 손해를 보호합니다. 보험은 재건비용, 손해 배상 및 변호사 비용을 포함한 다양한 혜택을 제공합니다."
공동주택 하자 보수 후의 품질 검증 방법과 기준은 어떻게 마련되어야 하나요?,"공동주택 하자 보수 후의 품질 검증 방법과 기준은 먼저 목표를 명확히 설정하고, 보수 작업이 기대한 수준에 부합하는지 확인해야 합니다. 이를 위해 품질 기준을 정의하고 보수 작업이 해당 기준을 충족하는지 평가해야 합니다. 검증은 전문가나 자격 있는 기관에 의해 실시되어야 하며, 필요 시 시공 과정의 모니터링과 마감 검사를 포함해야 합니다. 또한, 입주민의 의견과 피드백을 수렴하여 최종적인 품질을 보장해야 합니다."
공동주택 하자 보수 후의 품질 검증을 위해 어떤 절차가 필요한가요?,"공동주택 하자 보수 후의 품질 검증을 위해 필요한 절차는 다음과 같습니다. 먼저, 보수 작업이 완료되었는지 확인하기 위해 시각적 검사를 수행합니다. 이어서 기술적인 검사를 통해 보수 작업의 품질과 안전성을 평가합니다. 만약 발견된 문제가 있다면 즉시 수정하고 재검사를 실시합니다. 마지막으로, 보수 작업이 모든 기준과 요구 사항을 충족하는지 확인하기 위해 최종 검증을 진행합니다."
공동주택 하자 관련 소송 및 분쟁 해결 과정에서 중요하게 고려해야 할 법적 요소는 무엇인가요?,"공동주택 하자 관련 소송 및 분쟁 해결 과정에서 중요하게 고려해야 할 법적 요소로는 계약 조항의 명확성, 책임 및 의무의 명시, 증거의 보존, 그리고 관련 법률 및 규정의 준수가 있습니다. 이러한 요소들은 분쟁의 원인과 범위를 명확히 파악하고, 각 당사자의 권리와 의무를 명확히 하여 소송 및 분쟁 해결 과정을 원활하게 진행할 수 있도록 합니다."
공동주택 하자 관련 소송에서 주요한 증거 수집 방법은 무엇인가요?,공동주택 하자 관련 소송에서 주요한 증거 수집 방법은 전문적인 조사와 기록 보존입니다. 건축물 상태를 정확히 문서화하고 사진 및 비디오 촬영을 통해 하자를 기록합니다. 또한 기술적인 검사와 전문가의 의견을 수용하여 객관적인 증거를 확보합니다. 소송 전 적절한 법률 자문을 받아 과정을 준비하는 것이 필요합니다.
공동주택 하자보수 과정에서 발생할 수 있는 환경적 영향과 그 대책은 무엇인가요?,"공동주택 하자보수 과정에서 발생할 수 있는 환경적 영향으로는 폐기물 생성, 자원 소모, 그리고 화학물질 노출 등이 있습니다. 이에 따른 대책으로는 재활용 가능한 자재의 활용 촉진, 친환경적인 보수 방법 및 재생 에너지 사용, 그리고 화학물질 대체 및 안전 사용을 통한 환경 영향 최소화가 있습니다. 이러한 대책은 하자보수 과정을 지속 가능하게 만들며, 환경 보호에 기여합니다."
공동주택 하자보수 시 발생하는 환경적 영향을 최소화하기 위한 방법은 무엇인가요?,공동주택 하자보수 시 발생하는 환경적 영향을 최소화하기 위한 방법은 친환경 자재 및 기술을 적용하는 것입니다. 재생 가능한 자원을 활용하고 폐기물을 줄이는 등의 환경 친화적인 방식으로 작업을 수행합니다. 또한 에너지 효율성을 개선하고 화학 물질 사용을 최소화하여 환경 부담을 감소시키는 것이 중요합니다.
공동주택 설계 시 하자 최소화를 위한 사전 검토 사항에는 어떤 것들이 포함되어야 하나요?,"공동주택 설계 시 하자 최소화를 위한 사전 검토 사항으로는 적합한 건축 자재와 기술 선택, 건축 기준 및 규제 준수, 그리고 설계 문서의 명확성과 일관성 등이 있습니다. 또한 구조적 안전성과 내구성을 고려한 설계, 환경 친화적인 설계 방향, 그리고 고객 요구 사항과 피드백의 철저한 고려도 필요합니다. 이러한 사전 검토는 설계 단계에서 잠재적인 하자를 사전에 식별하고 예방하여 건축물의 품질을 향상시키는 데 중요합니다."
공동주택 설계 시 하자 최소화를 위한 사전 검토 프로세스는 어떻게 이루어지나요?,"공동주택 설계 시 하자 최소화를 위한 사전 검토 프로세스는 다양한 단계로 이루어집니다. 먼저 설계 초기에 공정한 검토를 통해 잠재적인 문제를 파악하고 수정합니다. 그 후, 상세한 설계 및 계획 단계에서 각 부분의 구체적인 요소를 고려하여 설계를 최적화합니다. 이때 전문가의 조언과 협의가 중요하며, 품질 향상을 위해 계속적인 검토와 개선이 이루어집니다."
공동주택 하자에 대한 국제적인 대응 사례와 그 효과는 어떠한가요?,"공동주택 하자에 대한 국제적인 대응 사례로는 국제 표준 및 지침 개발, 다국적 협력 및 정보 공유 체계 구축, 그리고 해외 사례 연구 및 벤치마킹이 있습니다. 이러한 노력은 건축물 품질 향상과 안전 보장을 위해 경험과 지식을 공유함으로써 글로벌 건축 커뮤니티에 긍정적인 영향을 미칩니다."
국제적인 공동주택 하자 대응 사례들이 지역별로 어떻게 다를까요?,"국제적인 공동주택 하자 대응 사례들은 지역에 따라 다양한 접근 방식을 취합니다. 발전도상국에서는 저렴한 재료나 인력을 활용하여 보수를 진행하는 경우가 많으며, 기술력이 한계적인 경우도 있습니다. 선진국에서는 고급 기술과 첨단 재료를 활용하여 하자를 예방하고 보수하는데 중점을 둡니다. 또한, 법적 제도나 정부의 역할 등에도 차이가 있을 수 있습니다."
공동주택 하자 보수 과정에서의 정보 공유 및 투명성 확보 방안은 무엇인가요?,"공동주택 하자 보수 과정에서의 정보 공유 및 투명성 확보 방안으로는 정기적인 보고 및 업데이트 제공, 공개적인 의사 결정 과정 구축, 그리고 입주민 및 이해관계자와의 개방적인 소통 체계 확립 등이 있습니다. 또한, 디지털 플랫폼을 활용한 정보 공유와 온라인 상담 서비스 제공 등도 유용한 방법입니다. 이러한 조치들은 입주민들에게 보다 투명하고 신뢰할 수 있는 정보를 제공함으로써 공동주택의 하자 보수 과정을 효과적으로 관리하고, 입주민들의 참여와 만족도를 높일 수 있습니다."
공동주택 하자 보수 과정에서의 정보 공유를 강화하기 위한 솔루션은 무엇인가요?,"공동주택 하자 보수 과정에서 정보 공유를 강화하기 위한 솔루션으로는 온라인 플랫폼이나 모바일 애플리케이션을 활용하는 것이 효과적입니다. 이를 통해 거주자, 시공사, 관리자 등 각 이해관계자들이 실시간으로 정보를 공유하고 의사 소통할 수 있으며, 작업 진행 상황을 모니터링할 수 있습니다. 또한, 하자 보수 과정에서 발생하는 문제점을 신속하게 파악하고 해결하는 데에도 도움이 됩니다."
공동주택 하자 분석 결과를 바탕으로 한 장기적인 주택 정책 및 계획 수립 방안은 어떤 것이 있나요?,"공동주택 하자 분석 결과를 바탕으로 한 장기적인 주택 정책 및 계획 수립 방안으로는 건축 기준 강화 및 정비, 주택 보유자 권리 보호 강화, 그리고 장기적인 건축물 유지관리 계획 수립 등이 있습니다. 또한, 주거 환경 향상을 위한 정부 정책 및 지원 확대, 주택 시설 접근성 향상을 위한 도시 계획 및 개발 방안 강구 등도 고려될 수 있습니다. 이러한 방안들은 공동주택의 하자를 효과적으로 관리하고, 장기적으로 건강하고 지속 가능한 주거 환경을 조성하는 데 도움이 됩니다."
공동주택 하자 분석 결과를 활용하여 어떻게 주택 시설의 유지보수 및 개선을 계획할 수 있을까요?,"공동주택 하자 분석 결과를 활용하여 주택 시설의 유지보수 및 개선을 계획하는 데에는 몇 가지 방법이 있습니다. 먼저, 주요 하자 유형과 그 원인을 파악하여 우선순위를 정하고 적절한 보수 및 개선 계획을 수립할 수 있습니다. 또한, 유지보수 일정과 예산을 설정하여 효율적으로 작업을 계획하고 관리할 수 있습니다. 마지막으로, 하자 분석을 토대로 지속적인 모니터링 및 평가를 통해 시설의 상태를 추적하고 필요에 따라 조치를 취할 수 있습니다."
공동주택 하자와 관련된 연구 및 개발(R&D)의 중요성과 필요한 분야는 무엇인가요?,"공동주택 하자와 관련된 연구 및 개발(R&D)은 건축물 품질 향상과 주거 환경 개선을 위해 매우 중요합니다. 이를 위한 주요 분야로는 건축 자재 및 기술 개발, 건축 구조 및 시공 기술의 혁신, 그리고 하자 예방 및 검출 기술 개발이 있습니다. 또한, 건물 유지보수 및 관리 시스템의 개선, 그리고 건축물 안전 및 환경 친화성 증진을 위한 연구도 필요합니다. 이러한 연구 및 개발 노력은 공동주택의 건강하고 지속 가능한 발전을 위해 중요한 역할을 합니다."
공동주택 하자를 예방하기 위한 연구 및 개발(R&D)은 어떤 측면에서 중요한가요?,"공동주택 하자를 예방하기 위한 연구 및 개발(R&D)은 건축 재료의 품질 향상, 시공 기술의 혁신, 디자인의 지속 가능성 등에서 중요합니다. 새로운 재료의 개발이나 기존 재료의 성능 향상은 하자를 줄이고 내구성을 높이는 데 도움이 됩니다. 또한, 시공 기술의 혁신은 효율적이고 정확한 공사를 가능하게 하여 하자 발생을 최소화할 수 있습니다. 디자인의 지속 가능성은 환경 친화적인 건물을 설계하여 장기적인 하자를 방지합니다."
공동주택 하자 관리를 위한 최신 기술 동향과 미래 전망은 어떻게 되나요?,"공동주택 하자 관리를 위한 최신 기술 동향으로는 인공지능과 빅데이터 분석을 활용한 예측 유지보수 시스템, IoT 기술을 활용한 스마트 건축물 모니터링 시스템, 그리고 가상현실(VR) 및 증강현실(AR)을 활용한 시각적 검사 및 교육 시스템 등이 있습니다. 미래 전망은 보다 정교하고 효율적인 하자 관리 시스템의 등장으로 건축물 품질을 높이고 비용을 절감할 것으로 전망됩니다."
공동주택 하자 관리 시스템에서 주로 사용되는 소프트웨어는 무엇인가요?,"공동주택 하자 관리 시스템에서 주로 사용되는 소프트웨어로는 건설 관리 소프트웨어와 결함 관리 소프트웨어가 있습니다. 건설 관리 소프트웨어는 프로젝트 일정, 예산, 자원 할당 등을 관리하고 추적하는 데 사용되며, 결함 관리 소프트웨어는 하자 보고, 추적, 해결을 지원하여 건물의 품질을 유지하는 데 활용됩니다. 대표적으로는 Procore, BuilderTREND, PlanGrid 등이 있습니다."
공동주택 하자 보수 작업 시 작업자의 건강과 안전을 보호하기 위한 조치는 무엇인가요?,"공동주택 하자 보수 작업 시 작업자의 건강과 안전을 보호하기 위한 조치로는 적절한 개인 보호장비의 착용, 작업장 내 위험 요소의 식별 및 제거, 교육 및 훈련을 통한 안전 수칙의 숙지, 그리고 작업자의 건강 상태 모니터링 및 정기적인 건강 검진 등이 있습니다. 또한, 작업 환경의 개선을 위한 시설 및 장비의 유지보수 및 개선도 필요합니다. 이러한 조치들은 작업자의 안전을 보장하고 작업환경에서의 잠재적인 위험을 최소화하여 공동주택 하자 보수 작업의 효율성과 안전성을 향상시킵니다."
공동주택 하자 보수 작업 시 작업자의 건강과 안전을 보호하기 위한 규정은 어떻게 되나요?,"공동주택 하자 보수 작업 시 작업자의 건강과 안전을 보호하기 위한 규정은 건설현장 안전 및 보건에 관한 법률과 관련 규정에 따라 시행됩니다. 이에는 작업자의 안전한 작업 환경을 확보하기 위한 규정뿐만 아니라 적절한 개인 보호장구(PPE)의 착용과 작업장의 위험 평가, 안전 교육 등이 포함될 수 있습니다. 또한, 근로자의 건강을 위해 위해물질 노출을 최소화하고 적절한 환기와 청정 조치를 제공하는 것도 중요합니다."
공동주택 하자 관련 소비자 권익 보호를 위한 정부 및 관련 기관의 역할은 무어떤 것인가요?,"공동주택 하자 관련 소비자 권익 보호를 위한 정부 및 관련 기관의 역할로는 소비자 권리 보호 법률의 제정 및 시행, 하자 보수에 관한 정보 제공 및 상담 서비스 제공, 그리고 하자 분쟁 해결을 위한 중재 및 조정 기구 운영이 있습니다. 또한, 건축물 품질 감시 및 인증 시스템 강화, 그리고 소비자 교육 및 홍보활동을 통한 인식 개선도 중요합니다. 이러한 노력들은 공동주택 소비자의 권익을 보호하고 건축물 품질을 향상시키는 데 기여합니다."
공동주택 하자 발생 시 소비자가 취할 수 있는 대응 방안은 무엇인가요?,"공동주택에서 하자가 발생했을 때 소비자는 먼저 건설사나 관리사무소에 하자를 신고해야 합니다. 이후 관련 법률 및 규정에 따라 보상을 요청하거나, 필요한 경우 소비자보호 단체나 건축 전문가의 도움을 받을 수 있습니다. 또한, 소비자는 상황을 잘 문서화하고 모든 의사 소통을 기록하는 것이 중요합니다. 이러한 조치는 소비자의 권리를 보호하고 적절한 대응을 받을 수 있도록 도와줍니다."
공동주택 설계 및 건축 과정에서 지속 가능성과 환경 친화적인 접근 방식의 중요성은 어떻게 강조되고 있나요?,"공동주택 설계 및 건축 과정에서 지속 가능성과 환경 친화적인 접근 방식의 중요성은 에너지 효율성, 자원 절약, 그리고 환경 영향 최소화를 통해 강조되고 있습니다. 이를 위해 친환경 자재 및 기술의 도입, 재생에너지 활용, 그리고 녹지공간 확보와 생태계 보호 등이 강조되고 있습니다. 또한, 지속가능한 건축 인증 제도의 도입과 정부의 환경 정책 강화도 환경 친화적 접근 방식을 촉진하고 있습니다. 이러한 노력들은 건축물의 지속 가능성을 높이고 환경 보호를 위한 기여를 강조합니다."
지속 가능한 건축물 설계 시 환경 친화적인 재료 선택이 왜 중요한가요?,"환경 친화적인 재료 선택은 지속 가능한 건축물 설계에 있어 중요합니다. 이는 환경 영향을 최소화하고 자원 소비를 줄이는 데 도움이 되기 때문입니다. 친환경 재료는 재생 가능한 자원을 사용하거나 재활용이 가능하며, 생산 및 가공 과정에서의 에너지 소비와 온실 가스 배출량을 최소화합니다. 또한, 친환경 재료는 건물의 내부 환경 품질을 향상시키고 건강에 유익한 공간을 조성하는 데 기여할 수 있습니다. 따라서 지속 가능한 건축물 설계를 위해서는 환경 친화적인 재료를 선택하는 것이 필수적입니다."
공동주택 하자의 사후 관리 및 유지보수에 있어서 스마트 기술의 적용 사례는 무엇인가요?,"공동주택 하자의 사후 관리 및 유지보수에 있어서 스마트 기술의 적용 사례로는 스마트 홈 시스템을 활용한 건물 모니터링 및 제어, IoT 센서를 활용한 건물 시설의 상태 모니터링 및 예측 유지보수, 그리고 가상현실(VR) 및 증강현실(AR)을 활용한 실시간 작업 지원과 교육 등이 있습니다. 이러한 스마트 기술의 적용은 유지보수 효율성을 높이고 문제 발생을 미연에 예방하여 공동주택의 건강한 유지와 안전을 촉진합니다."
공동주택 하자의 사후 관리 및 유지보수에 있어서 스마트 기술이 어떻게 효율적으로 활용되고 있나요?,"공동주택 하자의 사후 관리 및 유지보수에 스마트 기술이 효율적으로 활용되고 있습니다. 예를 들어, IoT 기기를 이용한 건물 모니터링 시스템은 건물 내부의 환경 조건을 실시간으로 감시하고 이상 징후를 감지하여 빠른 조치를 취할 수 있도록 도와줍니다. 또한, 스마트 센서와 데이터 분석 기술을 활용하여 유지보수 일정을 최적화하고 예방 정비를 실시함으로써 하자 발생을 줄일 수 있습니다. 이러한 스마트 기술의 활용은 공동주택의 유지보수 효율성을 향상시키고 거주자들의 편의성을 증진시키는 데 기여하고 있습니다."
공동주택 하자 관련 주요 정책 변화 및 그에 따른 시장 영향은 어떠한가요?,"공동주택 하자 관련 주요 정책 변화로는 건축법 개정, 품질인증제도 강화, 그리고 하자 보수 책임 규정의 명확화 등이 있습니다. 이러한 정책 변화는 건축물의 품질 향상과 소비자 보호를 목적으로 하며, 시장에는 건축업체와 시공사의 품질 관리 역량 강화와 소비자 신뢰 증가를 촉진하는 영향을 미칩니다. 또한, 품질 검증 및 보증 제도의 강화는 시장에서 고품질 건축물에 대한 수요를 높일 수 있습니다."
공동주택 하자 관련 주요 정책 변화가 시장에 미치는 영향은 무엇인가요?,"공동주택 하자 관련 주요 정책 변화는 시장에 다양한 영향을 미칩니다. 정부의 강화된 규제나 보다 엄격한 건축 기준은 건설업체들에게 추가적인 책임과 부담을 줄 수 있지만, 동시에 소비자들에게는 건강하고 안전한 주거 환경을 제공하는데 도움이 될 수 있습니다. 이러한 정책 변화는 건설업체들이 보다 질 좋은 건축물을 건설하도록 유도하고, 소비자들의 신뢰를 높이며, 시장 전반에 건설 품질에 대한 인식을 높일 수 있습니다."
공동주택 하자 분석을 통해 확인된 신축 건물과 리모델링 건물의 하자 차이는 무엇인가요?,공동주택 하자 분석을 통해 확인된 신축 건물과 리모델링 건물의 하자 차이로는 주로 시공 기간과 건물 연령에 따른 차이가 있습니다. 신축 건물의 경우 일반적으로 최신 기술과 재료를 사용하여 시공되므로 기술적인 하자가 적을 수 있습니다. 반면에 리모델링 건물은 과거 건축 표준에 따라 지어진 경우가 많아 기존 구조물의 결함이나 노후화로 인한 문제가 발생할 가능성이 높습니다.
신축 건물과 리모델링 건물의 하자 발생률은 어떻게 다른가요?,신축 건물과 리모델링 건물의 하자 발생률은 대개 다릅니다. 보통 신축 건물은 새로운 건축 기술과 최신 재료를 사용하여 지어지기 때문에 하자 발생률이 상대적으로 낮을 수 있습니다. 반면에 리모델링 건물은 기존 구조물을 수정하거나 개조하기 때문에 예상치 못한 문제가 발생할 수 있어 하자 발생률이 더 높을 수 있습니다. 이는 원래 설계와 구조를 변경하면서 예기치 않은 문제가 발생할 가능성 때문입니다.
공동주택 하자 보수 과정에서의 소비자 참여 모델과 그 효과는 어떤 것인가요?,"공동주택 하자 보수 과정에서의 소비자 참여 모델은 주로 소통과 협력을 강조합니다. 소비자는 보수 계획에 참여하고 의견을 제시할 수 있으며, 보수 진행 상황을 지속적으로 모니터링할 수 있습니다. 이는 소비자의 만족도와 신뢰를 높이며, 문제 발생 시 신속한 대응을 가능케 합니다. 또한, 지속적인 소비자 교육과 피드백 수렴을 통해 보수 과정의 효율성과 투명성을 제고할 수 있습니다."
공동주택 하자 보수 과정에서 소비자 참여 모델은 어떻게 구성되어 있나요?,"공동주택 하자 보수 과정에서 소비자 참여 모델은 다양한 형태로 구성될 수 있습니다. 이에는 주주 모임, 온라인 플랫폼을 통한 의견 수렴, 정기적인 회의 및 설문조사 등이 포함될 수 있습니다. 또한, 하자 보수 과정에 대한 투명성을 높이기 위해 소비자 교육 프로그램을 제공하고, 소비자들의 의견을 수렴하여 의사 결정에 반영하는 방법도 고려될 수 있습니다."
공동주택 하자 관리와 관련하여 향후 연구 및 개선이 필요한 분야는 어떤 것들이 있나요?,"공동주택 하자 관리와 관련하여 향후 연구 및 개선이 필요한 분야로는 다음과 같은 것들이 있습니다. 먼저, 효과적인 하자 예방을 위한 새로운 기술 및 방법론의 개발이 중요합니다. 또한, 보다 효율적인 하자 관리 시스템과 프로세스의 구축이 필요하며, 소비자 참여와 피드백을 유도하는 방안도 고려되어야 합니다. 더불어 지속 가능한 건축 및 재료에 대한 연구도 중요한 과제입니다."
공동주택 하자 관리 시스템을 향상시키기 위해 어떤 혁신적인 기술이 도입될 수 있을까요?,공동주택 하자 관리 시스템을 향상시키기 위해 도입될 수 있는 혁신적인 기술로는 인공지능(AI)과 빅데이터 분석 기술이 있습니다. 이러한 기술을 활용하여 하자 발생 원인을 조기에 감지하고 예방하는데 도움이 될 수 있습니다. 또한 IoT(사물인터넷) 기술을 활용하여 건물 내부의 다양한 센서를 통해 실시간으로 건물 상태를 모니터링하고 문제를 해결할 수 있도록 지원할 수 있습니다.
벽지와 석고보드에서 유색 반점 발생의 주요 원인은 무엇인가요?,"벽지와 석고보드에서 유색 반점이 발생하는 주요 원인은 주로 수분과 녹이며, 누수나 습기로 인한 환경 문제로 인한 것이 많습니다. 또한, 곰팡이나 박테리아의 성장으로 인해 발생할 수도 있습니다.환기 부족, 습기 증가, 누수, 또는 잘못된 보온이나 방수 처리 등이 이러한 문제를 야기할 수 있습니다."
벽지와 석고보드에서 유색 반점이 발생하는데 어떤 방법으로 제거할 수 있나요?,"벽지와 석고보드에서 유색 반점을 제거하는 방법은 다음과 같습니다. 먼저, 중성세제와 따뜻한 물을 섞은 용액으로 부드러운 천을 사용하여 부분적으로 닦아내는 것입니다. 그 후, 물을 사용하여 다시 닦아내고 마지막으로 깨끗한 수건으로 건조시킵니다. 이 방법은 보편적이고 비교적 안전한 방법 중 하나입니다."
PVC 벽지의 가소제 변경이 유색 반점 발생에 어떤 영향을 주었나요?,"PVC 벽지의 가소제 변경은 유색 반점 발생에 영향을 줄 수 있습니다. 새로운 가소제는 이전에 사용된 것과 화학적 특성이 다를 수 있으며, 이로 인해 벽지의 표면 특성이 변할 수 있습니다. 이러한 변화로 인해 환경 조건에 민감하게 반응하여 유색 반점이 발생할 가능성이 있습니다."
PVC 벽지의 가소제 변경이 유색 반점 발생에 어떤 원인이 되었을까요?,PVC 벽지의 가소제 변경이 유색 반점 발생에 주된 원인은 새로운 가소제가 환경에서 더 민감한 반응을 일으켜 승화될 때 발생하는 것입니다. 이러한 새로운 가소제는 예전의 것보다 열에 민감하게 반응하여 승화될 때 화학적 반응을 일으키며 그 결과 유색 반점이 형성됩니다.
승화염료의 특성과 이를 포함한 승화전사지의 처리 문제는 무엇인가요?,"승화염료는 열에 의해 녹아 액체 상태로 변하는 염료로, 승화전사지에 사용됩니다. 이러한 염료는 안정성과 화학적 특성을 고려해야 하며, 승화 과정에서 안전 문제와 환경 오염이 발생할 수 있습니다. 특히, 고온에서의 처리는 적절한 환기 시스템과 안전 조치가 필요합니다. 승화염료의 처리 문제는 화학 물질의 안전한 처분과 환경 보호에 대한 고려가 필요한 주요 과제입니다."
승화염료가 사용되는 산업 분야와 그 영향은 무엇인가요?,"승화염료는 주로 건축 및 건설 산업에서 사용됩니다. 이것은 플라스틱 제품, 도료, 접착제, 박리재 등 다양한 제품에 적용됩니다. 그 영향은 내열성과 내구성을 향상시키는 데 도움을 줄 뿐만 아니라 화재와 열에 대한 저항력을 향상시킵니다. 또한 환경 친화적인 제품 개발에도 긍정적인 영향을 미칩니다."
가소제 변경 전후의 PVC 벽지에서 사용된 가소제 종류와 그 특징은 무엇인가요?,"가소제 변경 전에 PVC 벽지에는 일반적으로 플라스틱라이저가 사용되었습니다. 이러한 플라스틱라이저는 주로 폴리비닐 클로라이드와 함께 사용되며, 유연성과 내구성을 제공합니다. 그러나 최근에는 플탈레이트 플라스틱라이저의 사용이 줄고, 대신 비닐 클로라이드 코폴리머나 알킬 화합물이 사용되고 있습니다. 이러한 대안 플라스틱라이저는 환경과 건강에 더 적합하며, 유연성과 내구성을 유지하면서도 유색 반점 등의 문제를 줄일 수 있습니다."
PVC 벽지의 가소제가 변경되면서 벽지의 내구성이 어떻게 변화되었나요?,"PVC 벽지의 가소제 변경으로 인해 벽지의 내구성이 변화했습니다. 새로운 가소제는 기존보다 더 내구성이 뛰어나며, 주요한 변화 중 하나는 PVC 벽지가 더 많은 내열성을 갖게 되었다는 점입니다. 이로써 벽지는 열과 압력에 대해 더 강한 내구성을 보여주며, 긴 수명과 높은 성능을 제공합니다."
석고보드 원지에서 발견된 협잡물의 종류와 반점 발생 메커니즘은 무엇인가요?,"석고보드 원지에서 발견된 협잡물은 일반적으로 석회석, 각화재, 과립 등의 불순물입니다. 이러한 협잡물이 있으면 석고보드의 표면에 유색 반점이 형성될 수 있습니다. 주로 이 협잡물이 석고보드 제조 과정에서 사용되는 재료의 부적절한 혼합이나 오염된 원료로 인해 발생할 수 있습니다. 석고보드 원지가 건조되는 동안 협잡물이 반응하여 표면에 반점이 생기게 됩니다."
석고보드 원지에서 협잡물이 발생하는 주요 요인은 무엇인가요?,"석고보드 원지에서 협잡물이 발생하는 주요 요인은 주로 다음과 같습니다: 1) 사용된 재료의 품질과 성능, 2) 시공 과정에서의 부주의한 처리, 3) 환경 조건의 변화에 따른 영향 등입니다. 특히, 습도와 온도의 변화, 그리고 공기 중의 먼지나 화학물질 등 외부 요인도 영향을 줄 수 있습니다."
석고보드와 벽지에서 승화염료에 의한 반점이 발생하는 과정을 설명해주세요.,"승화염료가 석고보드나 벽지에 흡수되면, 이것은 일반적으로 물질의 화학적 반응이나 흡수로 인한 것입니다. 이런 현상은 불순물이나 화학 물질이 물체에 흡수되어 색상이 변하는 것으로 나타납니다. 승화염료가 흡수되면, 이것이 반응하여 벽지나 석고보드 표면에 유색 반점이나 문양으로 나타날 수 있습니다. 일반적으로 이러한 반점은 제품이나 재료의 품질과 관련된 문제로 인한 것입니다."
석고보드와 벽지에서 승화염료 반점을 제거하는 효과적인 방법은 무엇인가요?,"석고보드와 벽지에서 승화염료 반점을 효과적으로 제거하는 방법 중 하나는 중성 세제와 따뜻한 물을 사용하여 부드러운 천으로 부드럽게 문지르는 것입니다. 그 후 깨끗한 물로 표면을 닦아내어 남아 있는 세제를 제거합니다. 또한, 강력한 화학제품 대신 중성 pH의 클리너를 사용하여 석고보드와 벽지를 부드럽게 세척하는 것이 좋습니다."
아세톤 용액 분무 실험을 통해 확인된 유색 반점의 성분은 무엇인가요?,"아세톤 용액 분무 실험을 통해 확인된 유색 반점의 성분은 일반적으로 승화염료나 다른 화학 물질의 잔여물로 나타납니다. 아세톤은 이러한 화학 물질을 제거하거나 표면에서 반응을 일으키는 데 사용될 수 있으며, 그 결과로 유색 반점의 성분을 확인할 수 있습니다. 이러한 실험은 성분 분석을 통해 유색 반점의 원인을 식별하고 해결하는 데 도움이 될 수 있습니다."
아세톤 용액 분무 실험을 통해 확인된 유색 반점의 화합물 구조는 어떻게 되나요?,"아세톤 용액 분무 실험을 통해 확인된 유색 반점의 화합물 구조는 다양합니다. 주로 탄소, 수소, 산소, 질소 등의 원소로 구성된 유기 화합물이 주로 발견됩니다. 유색 반점의 구조는 승화염료와 혼합된 다양한 물질에 따라 다를 수 있으며, 이는 사용된 재료와 제조 과정에 따라 달라질 수 있습니다."
열에 의해 이염되는 승화염료의 반점 발생을 어떻게 방지할 수 있나요?,"열에 의해 이염되는 승화염료의 반점 발생을 방지하기 위해선 몇 가지 조치를 취할 수 있습니다. 먼저, 공간의 온도와 습도를 관리하여 승화염료의 노출을 줄입니다. 또한 열에 강한 표면 소재를 사용하거나 열 저항성이 뛰어난 보호 코팅을 적용함으로써 승화염료의 이염을 방지할 수 있습니다. 또한 열 발생 원인을 파악하고 열의 영향을 최소화하기 위해 환기 시스템을 개선하는 등의 조치를 취할 수 있습니다."
열에 의해 이염되는 승화염료의 반점 발생을 방지하기 위한 효과적인 방법은 무엇인가요?,열에 의해 이염되는 승화염료의 반점 발생을 방지하기 위한 효과적인 방법 중 하나는 열에 강한 표면 보호제를 사용하는 것입니다. 이 보호제는 승화염료가 열에 노출되었을 때 표면을 보호하여 반점이 형성되는 것을 방지합니다. 또한 온도 조절과 적절한 환기를 유지하여 공간 내 열의 변화를 최소화하는 것도 중요합니다.
승화염료의 이염을 방지하기 위한 이염방지제의 특성과 적용 방법은 무엇인가요?,이염방지제는 승화염료의 이염을 방지하는 데 사용됩니다. 주로 표면에 코팅하여 승화염료의 직접적인 접촉을 막습니다. 이 역할을 하기 위해 이염방지제는 내열성과 내구성이 뛰어나야 합니다. 적절한 이염방지제를 선택하고 표면에 균일하게 적용함으로써 승화염료의 이염을 효과적으로 방지할 수 있습니다.
"승화염료의 이염을 방지하는데 사용되는 이염방지제의 주요 성분은 무엇이며, 이를 적용하는 방법은 무엇인가요?",이염방지제의 주요 성분은 주로 실리콘 또는 폴리머 기반의 화합물입니다. 이들 성분은 승화염료의 이염을 방지하고 벽지 또는 석고보드의 표면을 보호합니다. 이를 적용하는 방법은 보통 분무나 롤러를 사용하여 벽면에 고르게 발라주는 것입니다. 또한 이염방지제를 사용하기 전에 표면을 청소하고 건조시키는 것이 중요합니다.
승화전사지의 폐지 혼입으로 인한 유색 반점 문제를 해결하기 위한 제안은 무엇인가요?,"승화전사지의 폐지 혼입으로 인한 유색 반점 문제를 해결하기 위해, 우선적으로 폐지의 혼입을 방지하는 조치가 필요합니다. 이를 위해 생산 과정에서 폐지와의 접촉을 최소화하고, 폐지를 보관하는 환경을 개선하는 등의 조치를 취할 수 있습니다. 또한, 승화전사지와의 접착력을 향상시키는 새로운 접착제나 코팅재의 개발이 유용할 수 있습니다. 이를 통해 승화전사지와 폐지 사이의 결합을 강화하여 유색 반점 문제를 줄일 수 있습니다."
승화전사지의 폐지 혼입으로 인한 유색 반점이 발생하는 이유는 무엇인가요?,"승화전사지는 폐지를 제조하는 과정에서 사용되는 화학 물질이 포함되어 있을 수 있습니다. 이러한 화학 물질은 승화 과정 중에 벽지에 영향을 줄 수 있으며, 이는 유색 반점으로 나타날 수 있습니다. 따라서 폐지를 사용할 때에는 이러한 화학 물질을 최소화하고, 적절한 관리를 통해 유색 반점을 방지할 필요가 있습니다."
벽지와 석고보드 원지의 반점을 제거하기 위한 아세톤 용액과 이염방지제의 효과는 어떠한가요?,"아세톤 용액은 벽지와 석고보드 원지의 반점을 제거하는 데 효과적일 수 있으나, 이는 반점의 종류와 성분에 따라 달라집니다. 일부 반점에 대해 아세톤은 효과적이지만, 다른 반점에는 효과가 미비할 수 있습니다. 이에 반점의 성분과 표면 재료에 따라 다양한 용액이나 세정제를 시도해 볼 필요가 있습니다. 또한, 이염방지제는 반점의 재발을 방지하는 데 도움을 줄 수 있으며, 이를 통해 장기적인 해결책을 모색할 수 있습니다."
벽지와 석고보드 원지의 반점을 제거하기 위한 아세톤 용액과 이염방지제의 활용 방법은 무엇인가요?,"벽지와 석고보드 원지의 반점을 제거하기 위해 아세톤 용액을 사용할 때에는 부분적으로 테스트하여 벽지에 손상을 줄 수 있는지 확인해야 합니다. 이후, 소량의 아세톤을 건조한 천에 묻힌 후 가볍게 문지르며 반점을 닦아내는 것이 좋습니다. 이염방지제는 사용 전 벽지의 겉면을 확인하고, 제조업체의 권장 방법에 따라 사용해야 합니다."
승화염료에 의한 유색 반점 발생과 관련하여 미래 연구 및 개선이 필요한 분야는 무엇인가요?,"미래 연구 및 개선이 필요한 분야로는 승화염료의 안정성과 품질 향상, 환경 친화적인 대체품 개발, 승화염료 처리 및 폐기에 대한 지속가능한 방안 등이 있습니다. 더 나아가, 승화염료 관련 기술의 혁신과 이를 활용한 반점 예방 및 해결 방안 등도 연구가 필요한 중요한 분야입니다. 이를 통해 공동주택에서의 승화염료에 의한 유색 반점 문제를 더욱 효과적으로 관리하고 해결할 수 있을 것으로 기대됩니다."
승화염료가 유발하는 유색 반점을 예방하기 위한 연구가 필요한 기술적 측면은 무엇인가요?,"유색 반점을 예방하기 위한 연구에서 주요 기술적 측면은 승화염료의 화학적 특성을 이해하고, 그것이 건축 재료에 미치는 영향을 파악하는 것입니다. 또한 승화염료의 사용량과 부착 방법에 대한 연구가 필요하며, 환경 조건과 상호 작용하는 특정 요인을 고려하는 것이 중요합니다."
가소제 변경으로 인한 벽지 부착력 저하 문제를 어떻게 개선할 수 있나요?,"벽지 부착력 저하 문제를 해결하기 위해 먼저 새로운 가소제의 특성을 고려하여 벽지 제조 및 부착 방법을 조정할 필요가 있습니다. 또한, 가소제 변경으로 인한 문제를 예방하기 위해 벽지 제조사와 협력하여 품질 향상을 위한 테스트 및 검증 프로세스를 강화할 필요가 있습니다. 또한, 부착 면의 표면 처리나 접착제 사용 등을 통해 부착력을 개선할 수 있습니다. 최종적으로는 실제 현장에서 발생하는 문제에 대한 지속적인 모니터링과 피드백을 통해 개선 사항을 도출하고 적용해야 합니다."
가소제 변경으로 인한 벽지 부착력 저하 문제를 해결하기 위한 대안은 무엇인가요?,"벽지 부착력 저하 문제를 해결하기 위한 대안으로는 가소제 변경 대신, 벽지를 부착하는 방법을 조정하거나 부착 시 사용되는 접착제의 종류를 변경하는 것이 포함됩니다. 또한 부착 면의 표면을 적절히 처리하여 부착력을 향상시키는 방법도 효과적일 수 있습니다."
벽지 및 석고보드의 유색 반점 발생에 대한 열이력(Heat history)의 영향은 무엇인가요?,"열력은 석고보드와 벽지의 유색 반점 발생에 영향을 줄 수 있습니다. 높은 온도나 습도 등의 조건에서 발생한 열력은 승화염료의 반점 형성을 촉진할 수 있습니다. 이는 승화염료가 열에 노출되어 불안정한 화학 반응을 일으켜 유색 반점이 형성되는 것을 의미합니다. 이로 인해 벽지와 석고보드의 외관이 손상될 수 있으며, 따라서 온도와 습도를 관리하여 열력을 최소화하는 것이 중요합니다."
벽지 및 석고보드의 유색 반점 발생에 영향을 미치는 열이력(Heat history)의 메커니즘은 무엇인가요?,"벽지 및 석고보드의 유색 반점 발생에 영향을 미치는 열이력의 메커니즘은 주로 이차적 열적 화학 반응에 의해 발생합니다. 이는 보통 닫힌 공간 내에서 발생하며, 습도와 온도의 상승이 핵심적인 요인입니다. 고열이 발생하면 보드 속의 첨가제가 분해되어 반응성 화합물이 형성되며, 이것이 표면에 노출되면서 유색 반점이 생성됩니다."
승화염료와 관련된 유색 반점 문제를 방지하기 위해 건축 재료 선택 시 고려해야 할 요소는 무엇인가요?,"건축 재료를 선택할 때 승화염료와 관련된 유색 반점 문제를 방지하기 위해 몇 가지 요소를 고려해야 합니다. 먼저, 승화염료를 포함하지 않는 안정적이고 무해한 재료를 선택하는 것이 중요합니다. 또한 내구성과 환경 친화성을 고려하여 재료를 선택해야 합니다. 또한 열과 습도에 대한 재료의 내성도 고려해야 합니다. 마지막으로, 재료의 표면 처리 방법과 방수 기능도 고려해야 합니다."
승화염료가 건축 재료에 미치는 영향을 최소화하기 위한 방법은 무엇인가요?,"건축 재료에 미치는 승화염료의 영향을 최소화하기 위한 방법 중 하나는 대체 재료의 사용입니다. 친환경적이고 유해물질이 적은 대체재를 선택하거나, 승화염료를 사용하지 않는 방법을 고려할 수 있습니다. 또한, 재료의 생산과 사용 과정에서 환경을 고려하여 친환경적인 방법을 채택하고, 승화염료를 대체할 수 있는 기술적 솔루션을 연구하는 것도 중요합니다."
공동주택 타일공사에서 하자가 가장 많이 발생하는 유형은 무엇입니까?,공동주택 타일공사에서 가장 많이 발생하는 하자 유형은 일반적으로 균열이나 불량한 배합으로 인한 국부적인 결함입니다. 또한 부적절한 설치나 제대로 된 플랫폼 없이 작업하는 등의 인력 부족으로 인한 문제도 있을 수 있습니다. 이러한 문제들은 공사의 품질 통제와 작업자의 기술 향상을 통해 해결할 수 있습니다.
공동주택 타일공사에서 하자를 방지하기 위한 가장 효과적인 방법은 무엇인가요?,"공동주택 타일공사에서 하자를 방지하기 위한 가장 효과적인 방법은 정확한 시공 전 검토와 감독입니다. 시공 전에 재료의 품질을 확인하고, 적합한 시공 기술을 사용하며, 특히 균열과 불균일한 표면을 방지하기 위한 적절한 기반 작업을 수행해야 합니다. 또한, 시공 과정 중에 지속적인 감독과 품질 테스트를 실시하여 문제가 발생하기 전에 조기에 발견하고 수정해야 합니다."
"타일공사 하자의 주요 원인으로 식별된 요소들은 무엇이며, 이들을 어떻게 관리하면 좋을까요?","타일공사 하자의 주요 원인은 일반적으로 잘못된 설치, 부적절한 자재 선택, 부적절한 품질 통제 등입니다. 이를 관리하기 위해서는 품질 검사 및 테스트를 강화하고, 자재 선택에 신중을 기해야 합니다. 또한 정기적인 교육과 훈련을 통해 작업자들의 기술을 향상시키고, 설치 과정에서의 감독을 강화하여 문제를 예방할 수 있습니다."
"타일공사를 완료하기 위해 필요한 재료와 도구는 무엇이 있으며, 이들을 어디서 구입할 수 있을까요?","타일공사를 완료하기 위해 필요한 재료에는 타일, 목재 또는 시멘트 보드, 목재 또는 금속 틀, 시멘트, 목재 또는 비드로 록, 목재 또는 금속 롤, 목재 또는 금속 가이드, 접착제, 실리콘 및 균열 제거제 등이 있습니다. 이러한 재료는 건축 재료 상점이나 온라인 건축 재료 공급 업체를 통해 구입할 수 있습니다."
타일공사 중 구배불량으로 인한 하자를 예방하기 위한 최선의 방법은 무엇인가요?,"구배불량으로 인한 타일공사 하자를 예방하기 위해서는 정확한 기반 작업이 중요합니다. 측정 및 수평선 사용으로 바닥과 벽의 수평성을 확인하고, 적절한 보강 및 레벨링을 실시해야 합니다. 또한 품질이 우수한 자재를 선택하고, 경험이 풍부한 숙련된 작업자에 의해 작업되어야 합니다. 종합적인 품질 관리 시스템을 구축하여 감독 및 품질 검사를 강화하여 구배불량을 최소화할 수 있습니다."
"타일공사 시 구배불량이 발생하는 이유는 무엇이며, 이를 해결하기 위한 방법은 무엇인가요?","타일공사 시 구배불량이 발생하는 주된 이유는 시공 과정에서 기초가 불안정하거나 균일하지 않은 경우입니다. 이를 해결하기 위해서는 먼저 기초 작업을 신중하게 수행하고, 특히 평탄도를 확인하는 것이 중요합니다. 또한, 적절한 재료 및 도구를 사용하여 타일을 균일하게 시공하고, 세밀한 조정을 통해 구배를 조절할 수 있습니다. 마지막으로, 정기적인 품질 감사와 관리를 통해 시공 과정을 철저히 관리하는 것이 필요합니다."
공동주택 타일공사 하자 관련 민원이 높은 비중을 차지하는 이유는 무엇이라고 생각하십니까?,"공동주택 타일공사의 높은 민원 비중은 주로 품질 관리와 관련이 있습니다. 부적절한 기초 작업, 자재 선정 오류, 작업자의 기술 부족 등이 하자의 주요 원인으로 작용합니다. 또한 공동주택의 공동 사용 공간에서 발생하는 문제는 입주민들의 주목을 끌기 쉽습니다. 효과적인 품질 관리와 명확한 소통은 이러한 민원을 줄이는 데 중요한 역할을 합니다."
공동주택 타일공사 하자 관련 민원을 줄이기 위한 방안은 어떤 것이 있을까요?,"공동주택 타일공사 하자 관련 민원을 줄이기 위한 방안으로는 먼저 품질 관리 강화와 교육을 통한 시공자의 기술 향상이 필요합니다. 또한, 타일 및 관련 자재의 품질 향상을 위한 기준과 감독 체계를 강화하여 하자 발생을 사전에 방지할 필요가 있습니다. 또한, 소비자 교육과 상담을 통해 올바른 유지보수 방법을 안내하여 하자 발생 가능성을 줄일 수 있습니다."
타일공사 하자 저감을 위해 적용할 수 있는 새로운 기술이나 재료는 무엇이 있습니까?,타일공사 하자 저감을 위해 적용 가능한 새로운 기술로는 자동화된 설치 시스템이나 3D 프린팅 기술을 활용한 타일 제조가 있습니다. 또한 환경 친화적인 재료인 재활용 타일이나 내구성이 뛰어난 고급 합성 소재를 활용하는 것도 유효한 방법입니다. 이러한 기술과 재료를 적용함으로써 타일공사의 품질과 지속 가능성을 향상시킬 수 있습니다.
타일공사에서 친환경적인 옵션을 고려할 때 어떤 기술이나 재료를 고려할 수 있을까요?,"타일공사에서 친환경적인 옵션을 고려할 때, 재생 가능 자원을 활용한 타일이나 재활용된 자료로 만든 타일을 고려할 수 있습니다. 또한, 친환경적인 접착제 및 실리콘, 그리고 환경 친화적인 심지재료를 사용하는 것도 고려할 수 있습니다. 또한, 에너지 효율적인 타일 제조 과정과 타일의 생산물을 최소화하는 방법을 고려할 수 있습니다."
공동주택 타일공사 하자 접수 데이터 분석에서 가장 빈번하게 나타난 문제점들은 어떤 것들이었나요?,"공동주택 타일공사 하자 접수 데이터 분석에서 가장 빈번하게 나타난 문제점은 주로 불량한 설치나 조립, 식별되지 않은 결함이었습니다. 또한 타일의 미끄럼 방지 기능이나 규격에 대한 불만도 자주 나타났습니다. 이러한 문제들은 주로 인력 부족이나 감독 부재 등의 인적 요인으로 인해 발생했을 가능성이 있습니다."
공동주택 타일공사 하자 접수 데이터 분석에서 어떤 문제점들이 가장 많이 발견되었나요?,"공동주택 타일공사 하자 접수 데이터 분석에서 가장 많이 발견된 문제점 중 일부는 다음과 같습니다. 먼저, 타일의 균질성 문제가 주요한 문제로 나타났습니다. 또한, 타일의 규격 불일치, 시공 과정에서의 오차, 및 마감재의 부착 불량 등이 빈번하게 보고되었습니다. 이러한 문제점들은 시공 과정에서의 감독 부재나 품질 관리 부족으로 인한 결과로 나타났습니다."
타일공사 하자의 재발을 방지하기 위해 건축가나 시공사가 취할 수 있는 조치에는 어떤 것들이 있습니까?,"타일공사 하자의 재발을 방지하기 위해 건축가나 시공사가 취할 수 있는 조치로는 품질 관리 체계의 강화와 표준 절차의 준수가 중요합니다. 이에 따라 정기적인 현장 감독과 품질 검사를 통해 불량 발생을 사전에 예방하고, 신뢰할 만한 자재 및 시공 업체의 선택이 필요합니다. 또한 교육 및 훈련 프로그램을 통해 작업자의 기술 향상을 도모하여 하자를 최소화할 수 있습니다."
타일공사에서 발생하는 결함을 최소화하기 위해 건축가나 시공사가 고려해야 할 사항은 무엇인가요?,"타일공사에서 발생하는 결함을 최소화하기 위해 건축가나 시공사가 고려해야 할 사항은 다양합니다. 먼저, 적절한 기술 규격과 표준을 준수하여 설계 및 시공을 진행해야 합니다. 또한, 적합한 건축 자재를 선택하고, 품질 관리 및 검사를 철저히 실시하여 결함을 사전에 방지해야 합니다. 또한, 작업자의 교육과 훈련을 강화하여 전문성을 향상시키고, 현장 관리를 철저히 수행하여 시공 과정에서의 오류를 최소화해야 합니다. 마지막으로, 고객과의 소통을 원활히 하고, 시공 후에도 지속적인 유지 보수를 실시하여 결함을 최소화할 수 있습니다."
하자 발생 후 보수 작업의 어려움을 줄이기 위한 설계 단계에서 고려해야 할 사항은 무엇인가요?,"하자 발생 후 보수 작업의 어려움을 줄이기 위해 설계 단계에서는 다음을 고려해야 합니다. 첫째, 신중한 자재 선택과 품질 표준 준수로 내구성을 강화하고 유지보수를 용이하게 합니다. 둘째, 접근성을 고려하여 유지보수 작업이 용이하도록 설계합니다. 셋째, 기술적인 문제를 방지하기 위해 설계 변경에 대한 충분한 검토와 협의가 이루어져야 합니다. 넷째, 적절한 문서화와 표준화를 통해 보수 작업에 대비합니다."
하자 발생을 최소화하기 위한 설계 단계에서 고려해야 할 전략은 무엇인가요?,"하자 발생을 최소화하기 위한 설계 단계에서 고려해야 할 전략은 몇 가지가 있습니다. 먼저, 적합한 건축 자재와 장비를 선택하여 공정한 품질을 유지하는 것이 중요합니다. 또한, 설계 시 적절한 기술 규격을 준수하고, 구조적 안전성과 내구성을 고려하여 강화된 구조를 구현해야 합니다. 또한, 설계 과정에서 각 구성 요소의 상호 연결성을 고려하여 시공상의 문제를 예방할 수 있도록 해야 합니다. 마지막으로, 현장 조건과 환경을 고려하여 설계를 최적화하고, 필요한 경우 전문가와의 협업을 강화하여 설계 단계에서의 하자 발생을 최소화할 수 있습니다."
타일공사 하자 보수 후 재발 가능성을 최소화하기 위한 효과적인 방법은 무엇인가요?,"타일공사 하자 보수 후 재발 가능성을 최소화하기 위한 효과적인 방법으로는 다음이 있습니다. 먼저, 보수 작업을 신중하게 수행하여 기존 문제를 완전히 해결합니다. 둘째, 보수 후 품질 검사를 철저히 실시하여 잠재적인 문제를 사전에 발견하고 수정합니다. 셋째, 유지보수 계획을 수립하고 정기적으로 점검하여 문제가 발생하기 전에 조치합니다. 마지막으로, 시공사 및 건축가 간의 소통을 강화하고 협력하여 보수 작업의 품질을 지속적으로 개선합니다."
타일공사 후 발생할 수 있는 문제를 방지하기 위한 전략은 무엇이 있나요?,"타일공사 후 발생할 수 있는 문제를 방지하기 위한 전략은 몇 가지가 있습니다. 먼저, 타일 시공 전에 토목공사의 완료 여부와 바닥 평탄도를 확인하는 것이 중요합니다. 또한, 타일 시공 시 적절한 접착제와 그림자 현상을 줄이기 위한 적절한 교차 시공 방법을 선택해야 합니다. 뿐만 아니라, 시공 후에는 타일과 그 주변 부재의 접합 상태를 주기적으로 점검하고 필요한 보수를 시행하는 것이 필요합니다. 이러한 전략을 통해 타일공사 후 발생할 수 있는 문제를 효과적으로 방지할 수 있습니다."
공동주택 타일공사 하자 분석 결과를 바탕으로 한 건축 자재 선택 기준에는 어떤 변경이 필요한가요?,"공동주택 타일공사 하자 분석 결과를 바탕으로 한 건축 자재 선택 기준에는 다음과 같은 변경이 필요합니다. 먼저, 하자 발생률이 낮고 내구성이 뛰어난 자재를 선호해야 합니다. 또한, 재료의 방수성과 내화성 등의 기능적 요소를 강조해야 합니다. 또한, 타일 설치 과정에서 발생하는 하자를 최소화할 수 있는 자재를 선택해야 합니다. 마지막으로, 환경 친화적이고 지속 가능한 자재를 우선적으로 고려해야 합니다."
공동주택 타일공사 하자 분석 결과를 바탕으로 한 건축 자재 선정 기준은 어떻게 수정되어야 할까요?,"공동주택 타일공사 하자 분석 결과를 반영한 건축 자재 선정 기준을 수정할 때는 먼저, 타일의 품질과 내구성을 강조해야 합니다. 또한, 환경 친화적이고 유지보수가 용이한 소재를 선택하는 것이 중요합니다. 더불어, 제조사의 신뢰성과 품질 관리 체계도 고려되어야 합니다. 이렇게 하면 하자 발생 가능성을 줄이고 공동주택의 품질을 향상시킬 수 있습니다."
공동주택 타일공사 하자 관리에 있어서 CM(Construction Management)의 역할은 구체적으로 무엇인가요?,"공동주택 타일공사 하자 관리에서 CM의 역할은 다음과 같습니다. 먼저, 시공 과정을 감독하고 품질 표준을 준수하도록 지원합니다. 또한, 하자를 식별하고 보수 작업을 조정하며 일정 및 예산을 관리합니다. 또한, 건설 문제에 대한 해결책을 찾고 이해관계자 간의 소통을 원활하게 합니다. 이를 통해 공동주택 타일공사의 효율성과 품질을 향상시킵니다."
공동주택 타일공사 시공 중 CM(Construction Management)이 고려해야 하는 주요 사항은 무엇인가요?,"공동주택 타일공사 시공 중 CM이 고려해야 하는 주요 사항은 여러 가지입니다. 먼저, 재료 선택과 공사 계획 수립이 중요합니다. 또한, 공사 현장의 안전과 질을 유지하기 위한 적절한 감독과 품질 관리가 필요합니다. 시공 일정과 예산도 신중히 관리되어야 합니다. 마지막으로, 변화나 문제 발생 시 적시에 대처할 수 있는 대응 계획도 마련되어야 합니다."
타일공사 하자 저감을 위해 고려해야 할 환경적 요소는 무엇이 있습니까?,타일공사 하자 저감을 위해 고려해야 할 환경적 요소는 주로 두 가지입니다. 첫째는 재료 선택 시 환경 친화적인 옵션을 우선 고려해야 합니다. 친환경 타일 재료 및 접착제를 사용하여 환경 영향을 최소화할 수 있습니다. 둘째는 공정에서 발생하는 폐기물 및 오염을 줄이기 위해 적절한 폐기 및 재활용 정책을 시행해야 합니다. 이러한 조치들은 지속 가능한 건축 및 환경 보호에 기여할 수 있습니다.
타일공사에서 환경 친화적인 소재를 사용하는 방법은 무엇인가요?,"타일공사에서 환경 친화적인 소재를 사용하는 방법은 다양합니다. 우선, 재생 가능한 자원으로 만들어진 타일을 선택할 수 있습니다. 또한, 친환경 자재로 만들어진 접착제와 교목재를 사용하고, 친환경 코팅을 적용하여 환경 영향을 최소화할 수 있습니다. 또한, 에너지 효율적인 생산 공정을 가진 업체를 선택하여 타일을 구매하는 것도 환경 보호에 도움이 됩니다."
공동주택 타일공사에서 발생하는 하자 유형별로 적용해야 하는 유지보수 전략은 어떻게 다릅니까?,"공동주택 타일공사에서 발생하는 하자에 따라 유지보수 전략이 달라집니다. 예를 들어, 타일 파손의 경우에는 손상된 타일을 교체하고 균열을 메우는 등의 보수 작업이 필요합니다. 반면에 균열 발생 시에는 균열을 보수하고 미리 방지하기 위해 적절한 방수 처리가 필요할 수 있습니다. 또한 그러한 유형의 하자를 방지하기 위해 정기적인 검사와 유지보수가 중요합니다."
공동주택 타일공사에서 발생하는 하자 유형별로 적용해야 하는 유지보수 방법은 무엇인가요?,"공동주택 타일공사에서 발생하는 하자 유형에 따라 적용할 수 있는 유지보수 방법은 다양합니다. 예를 들어, 타일의 균열이나 파손된 경우에는 해당 타일을 교체하고 교체된 타일 주변의 실리콘을 다시 채우는 등의 수리가 필요합니다. 또한, 타일 사이의 쇳가루나 침탄물 제거를 위해 청소를 꾸준히 실시하고, 방수층이 파손되었을 경우에는 재방수 처리를 해야 합니다. 유지보수 시기와 방법은 하자의 심각성과 유형에 따라 다를 수 있으므로 전문가의 조언을 받는 것이 좋습니다."
타일공사 하자 분석 및 저감 대책 연구에서 얻은 교훈을 다른 공종의 하자 관리에 어떻게 적용할 수 있을까요?,"타일공사 하자 분석 및 저감 대책 연구에서 얻은 교훈은 다른 공종의 하자 관리에도 적용될 수 있습니다. 예를 들어, 하자 발생 원인을 정확히 파악하고 해당 원인을 해소하는 것이 중요합니다. 이러한 접근 방식은 다른 공종의 하자에 대해서도 유용하며, 예방적인 조치를 통해 하자의 발생을 최소화할 수 있습니다. 또한, 정기적인 점검과 유지보수를 강화하여 하자의 조기 발견과 신속한 대응이 필요합니다."
타일공사 하자 분석 및 저감 대책 연구를 통해 얻은 교훈을 다른 공종의 하자 관리에 어떻게 활용할 수 있을까요?,"타일공사 하자 분석 및 저감 대책 연구에서 얻은 교훈은 다른 공종의 하자 관리에도 적용될 수 있습니다. 예를 들어, 효율적인 품질 관리 시스템 구축과 강화, 신뢰성 있는 재료 선택, 정기적인 검사 및 유지보수 등의 접근 방식은 다른 건설 공정에서도 적용될 수 있습니다. 또한, 협력 업체와의 원활한 의사소통과 협업, 교육 및 훈련 프로그램의 개발과 시행도 하자 관리에 도움이 될 것입니다."
"공동주택 타일공사 하자를 줄이기 위한 정부의 정책이나 기준은 현재 어떻게 되며, 앞으로 어떤 개선이 필요한가요?","현재 공동주택 타일공사 하자를 줄이기 위해 정부는 건축규제에 엄격한 기준을 제시하고 있습니다. 그러나 더 많은 규제와 감독이 필요하며, 특히 건축 현장에서의 교육 및 감독 강화가 중요합니다. 또한, 공공정책에서 소비자 보호를 강화하고 건설 업계의 투명성을 높이는 방향으로 발전할 필요가 있습니다."
"공동주택 타일공사 하자를 방지하기 위한 정부의 정책이나 기준은 무엇이 있으며, 이를 강화하기 위한 방안은 무엇이 있을까요?","공동주택 타일공사 하자를 방지하기 위한 정부의 정책이나 기준으로는 건축 관련 법규와 표준, 건축시공기술기준 등이 있습니다. 이를 강화하기 위해서는 먼저 정부 및 건축 관련 당국이 현행 규정을 엄격하게 시행하고, 건설업체 및 시공자에 대한 교육과 감시 강화가 필요합니다. 또한, 타일 공사에 관련된 기술 및 절차에 대한 연구와 개발을 촉진하여 품질 향상에 기여하는 것도 중요합니다."
공동주택의 목질계 바닥 마감재에서 하자가 가장 많이 발생하는 구체적인 유형은 무엇입니까?,"공동주택의 목질계 바닥 마감재에서 가장 흔히 발생하는 하자는 주로 변형이나 파손에 관련된 문제입니다. 이러한 하자는 바닥재의 노출 부위에서 발생하는 것이 일반적이며, 특히 습기에 노출되거나 무리한 하중을 받을 때 더 많이 나타납니다. 또한 목재의 변형, 갈라짐, 혹은 불규칙한 마감 표면 등이 주요 문제로 보고되고 있습니다."
공동주택의 목질계 바닥 마감재에서 발생하는 하자를 방지하기 위한 대책은 무엇이 있나요?,"공동주택의 목질계 바닥 마감재에서 발생하는 하자를 방지하기 위한 대책으로는 먼저, 적절한 재료를 선택하고 품질이 검증된 제품을 사용하는 것이 중요합니다. 또한, 바닥을 설치하는 과정에서 전문가의 지도를 받고 적절한 기술과 규격을 준수하는 것이 필요합니다. 바닥을 설치하기 전에 바닥의 평탄도를 확인하고, 바닥 아래에 충격을 흡수하는 적절한 소재를 사용하여 바닥의 안정성을 향상시키는 것도 중요합니다. 마지막으로, 바닥의 유지보수 및 정기적인 점검을 통해 하자를 조기에 발견하고 적절히 대처하는 것이 필요합니다."
목질계 바닥 마감재 하자 중에서 들뜸 현상의 주된 원인은 무엇으로 분석되었나요?,목질계 바닥 마감재에서 들뜸 현상의 주된 원인은 습기 변동과 관련이 있습니다. 주변 환경의 습기 변화로 인해 목재가 팽창하거나 수축함에 따라 발생할 수 있습니다. 특히 습기 흡수에 의한 팽창으로 인한 변형이 일반적으로 들뜸 현상의 주된 원인으로 분석됩니다. 또한 부적절한 바닥 밑거름 또는 바닥재의 부적절한 설치로 인한 의도치 않은 압력 및 갈라짐도 들뜸을 유발할 수 있습니다.
목질계 바닥 마감재의 들뜸 현상을 방지하기 위한 대책은 무엇이 있을까요?,"목질계 바닥 마감재의 들뜸 현상을 방지하기 위한 대책으로는 먼저, 바닥을 균일하게 건조하고 안정된 상태로 유지하는 것이 중요합니다. 그리고 바닥을 균일하게 보강하고 고정하는 강화 재료를 사용하거나, 바닥 아래에 충격을 흡수하는 쿠션 소재를 설치하여 들뜸을 방지할 수 있습니다. 또한, 바닥을 설치할 때 충분한 공간을 확보하여 자연스러운 열팽창을 허용하고, 올바른 접착제와 설치 기술을 사용하여 바닥 재료를 고정시키는 것도 중요합니다."
공동주택 목질계 바닥 마감재에서 찍힘 및 긁힘 하자를 방지하기 위한 예방 조치에는 어떤 것들이 있습니까?,"찍힘 및 긁힘과 같은 하자를 방지하기 위해 목질계 바닥 마감재에는 다음과 같은 예방 조치를 취할 수 있습니다. 먼저, 바닥 보호용 패드나 쿠션을 사용하여 가구나 가볍게 이동하는 물체로부터 바닥을 보호할 수 있습니다. 또한 가구나 물체 이동 시에는 바닥을 드래그하지 않고 들어올리는 것이 좋습니다. 바닥의 청소 시에는 부드러운 청소용품을 사용하여 표면을 부드럽게 닦아주고, 경련이나 긁힘을 유발할 수 있는 고산성 물질을 피하는 것이 중요합니다. 마지막으로, 실내 신발을 착용하지 않고 실내화를 착용하여 바닥 표면을 보호할 수도 있습니다."
목재 바닥 마감재의 찍힘 및 긁힘을 방지하는 기술적 솔루션은 무엇인가요?,"목재 바닥 마감재의 찍힘 및 긁힘을 방지하기 위한 기술적 솔루션으로는 다음과 같은 방법이 있습니다. 먼저, 마감재의 표면에 내구성이 높은 보호 코팅을 적용하여 마모와 손상을 방지할 수 있습니다. 또한, 바닥 아래에 충격을 흡수하는 쿠션 소재를 설치하여 외부 충격을 완화할 수 있습니다. 마지막으로, 가구의 다리에 부착할 수 있는 부드러운 패드를 사용하여 바닥 표면을 보호할 수 있습니다."
온돌용 목질계 바닥 마감재의 변색 하자를 최소화하기 위해 고려해야 할 사항은 무엇인가요?,"온돌용 목질계 바닥 마감재의 변색 하자를 최소화하기 위해 몇 가지 사항을 고려할 수 있습니다. 먼저, 자연적인 나무의 특성과 사용 환경을 고려하여 UV 차단 처리가 필요합니다. 또한 바닥재의 색상과 마감재 선택 시에는 변색이 적은 안정적인 소재를 선택하는 것이 중요합니다. 마지막으로, 바닥을 청소할 때 강력한 화학제품을 사용하지 않고 부드러운 청소용품을 이용하여 주기적으로 관리하는 것이 도움이 됩니다."
온돌용 목질계 바닥 마감재의 변색 현상을 방지하기 위한 방법은 무엇이 있을까요?,"온돌용 목질계 바닥 마감재의 변색을 방지하기 위해 몇 가지 조치를 취할 수 있습니다. 첫째, UV 차단 처리된 마감재를 선택하여 햇빛에 의한 변색을 최소화할 수 있습니다. 둘째, 바닥재의 표면을 규칙적으로 청소하고 보호층을 유지하여 오염물질이 표면에 머무르지 않도록 합니다. 마지막으로, 공간을 환기시키고 온도와 습도를 적절하게 조절하여 바닥재의 변색을 방지할 수 있습니다."
목질계 바닥 마감재 하자 보수 시 소비자의 주의사항과 관리 팁에는 어떤 것들이 포함되어야 합니까?,"목질계 바닥 마감재 하자 보수 시 소비자는 몇 가지 주의사항을 알아야 합니다. 먼저, 전문가의 조언을 듣고 신속하게 대응하는 것이 중요합니다. 그리고 보수 작업 중에는 바닥의 안전을 고려하여 안전 장비를 착용해야 합니다. 마지막으로, 보수 후에는 바닥을 주기적으로 청소하고 유지 관리하는 것이 중요합니다."
목질계 바닥 마감재 하자 보수 시 소비자의 주의사항과 관리 팁에는 어떤 재료가 권장되나요?,"목질계 바닥 마감재의 하자 보수 시에는 주로 바닥재의 종류에 따라 적합한 보수 재료를 선택해야 합니다. 보통은 같은 재료를 사용하는 것이 바람직하며, 나무 바닥재의 경우에는 같은 종류의 목재나 유사한 속성을 가진 재료를 선택합니다. 또한, 보수 작업 전에는 바닥 표면을 청소하고 수리가 필요한 부분을 정확하게 식별하여야 합니다. 보수 작업 후에는 바닥재의 종류와 사용 방법에 따라 적절한 관리 팁을 따르는 것이 중요합니다."
공동주택 목질계 바닥 마감재에서 코킹 불량이 발생하는 이유와 이를 해결하기 위한 방법은 무엇인가요?,"목질계 바닥 마감재에서 코킹 불량이 발생하는 주된 이유는 바닥 재질의 확장 및 수축으로 생기는 변형입니다. 이를 해결하기 위해선 적절한 코킹 재료와 기술을 사용하여 바닥의 확장과 수축에 대응할 수 있는 유연성을 확보해야 합니다. 또한, 코킹 작업 시 바닥 표면의 청결을 유지하고 적절한 압력을 가하여 균일하고 견고한 코킹을 할 필요가 있습니다."
"공동주택 목질계 바닥 마감재의 코킹 불량이 발생할 때 어떤 영향을 미치며, 이를 방지하기 위한 효과적인 방법은 무엇인가요?","목질계 바닥 마감재의 코킹 불량은 수분 유입과 바닥 재료 간의 결합 부족으로 인한 문제를 초래할 수 있습니다. 이는 바닥재의 변형과 손상으로 이어질 수 있습니다. 적절한 코킹 재료와 기술을 사용하여 바닥재와 주변 재료 간의 밀착력을 향상시키고, 코킹 작업을 정확하게 수행하여 불량을 방지할 수 있습니다. 또한 코킹 작업 이후 주기적인 점검과 유지보수를 통해 바닥의 완성도를 유지하는 것이 중요합니다."
"목질계 바닥 마감재 하자 분석 결과를 토대로, 시공 과정에서 가장 중요하게 고려해야 하는 사항은 무엇으로 나타났습니까?","목질계 바닥 마감재 하자 분석 결과를 토대로, 시공 과정에서 가장 중요하게 고려해야 하는 사항은 바닥 재료의 선별과 품질 관리입니다. 바닥 재료의 품질이 낮거나 부적합한 경우 들뜸, 찍힘, 긁힘 등의 하자가 발생할 수 있으므로, 고품질의 재료를 선택하고 적절한 시공 기술을 사용하는 것이 필요합니다. 또한, 시공 과정에서는 온도와 습도 등의 환경 조건을 고려하여 바닥 재료의 변형을 최소화하는 것이 중요합니다."
목질계 바닥 마감재의 시공 중 가장 중요한 부분은 무엇인가요?,목질계 바닥 마감재의 시공 중에 가장 중요한 부분은 기본적인 바닥 구조의 안정성을 확인하고 적절한 기반을 마련하는 것입니다. 바닥의 평탄도와 수평을 유지하며 바닥재를 균일하고 안전하게 설치하는 것이 필요합니다. 또한 바닥재를 시공하기 전에 바닥 재료의 상태를 검토하고 필요한 보강 작업을 수행하여 바닥 마감재의 내구성과 안정성을 보장해야 합니다.
시공 후 발생할 수 있는 목질계 바닥 마감재의 틈 발생 하자를 어떻게 사전에 방지할 수 있습니까?,"시공 후 발생할 수 있는 목질계 바닥 마감재의 틈 발생 하자를 사전에 방지하기 위해서는 다음과 같은 조치를 취할 수 있습니다. 먼저, 시공 전에 바닥 기반의 평탄도를 확인하고 필요한 보강 작업을 실시하여 바닥의 균일한 표면을 보장합니다. 또한, 바닥 재료를 충분히 건조시킨 후 시공하고, 바닥 재료의 확장을 고려하여 축소 틈을 미리 고려하여 설계합니다. 마지막으로, 적절한 접착제를 사용하고, 시공 과정에서는 정확하고 꼼꼼한 작업을 수행하여 틈 발생을 최소화합니다."
시공 후 발생할 수 있는 목질계 바닥 마감재의 틈 발생 하자를 최소화하기 위한 방법은 무엇인가요?,"목질계 바닥 마감재의 틈 발생 하자를 최소화하기 위해 시공 후에는 바닥 구조와 마감재의 차이로 인한 열팽창에 대비하여 적절한 간극을 유지하는 것이 중요합니다. 또한, 바닥재의 마감 과정에서 밀폐재나 실리콘 필러를 사용하여 간극을 메우고, 바닥재 간의 결합을 강화할 수 있습니다. 또한, 바닥 마감재의 설치 전에는 바닥 재료의 습기와 온도를 조절하여 바닥 재료의 변형을 최소화하고 틈 발생 가능성을 줄일 수 있습니다."
"공동주택의 목질계 바닥 마감재 하자에 대한 소비자 민원이 많은 이유는 무엇이며, 이를 감소시키기 위한 제안에는 어떤 것들이 있습니까?","공동주택의 목질계 바닥 마감재 하자에 대한 소비자 민원이 많은 이유는 주로 다음과 같습니다. 먼저, 바닥 마감재의 품질 문제로 인한 하자 발생이 주요한 요인 중 하나입니다. 또한, 시공과정에서의 부주의나 잘못된 시공 기술, 그리고 재료 선택의 부적절로 인한 문제도 있을 수 있습니다. 이를 감소시키기 위해서는 품질 관리 강화와 정확한 시공 기술 교육이 중요합니다. 또한, 소비자 교육을 통해 올바른 바닥 관리 방법을 알려주고, 정기적인 점검 및 유지 보수를 권장하는 것이 필요합니다."
공동주택의 목질계 바닥 마감재의 하자를 방지하기 위한 기술적인 솔루션은 무엇이 있을까요?,"공동주택의 목질계 바닥 마감재의 하자를 방지하기 위한 기술적인 솔루션으로는 우수한 방수 처리 및 건축재료의 선택이 중요합니다. 또한, 적절한 바닥 구조 설계와 바닥 마감재의 설치 기술적인 향상이 필요합니다. 특히, 바닥 재료의 특성에 따라 적절한 방수재 및 실리콘 필러를 사용하여 물의 침투를 차단하고, 바닥재의 기술적인 성능을 향상시킬 수 있습니다. 또한, 건축 재료의 품질 향상과 시공 과정에서의 철저한 품질 관리가 필요합니다."
목질계 바닥 마감재의 하자 분석 및 대책 연구에서 제시된 가장 효과적인 하자 예방 및 관리 전략은 무엇인가요?,"목질계 바닥 마감재의 하자 분석 및 대책 연구에서 제시된 가장 효과적인 전략은 품질 관리 강화와 시공 과정에서의 철저한 관리입니다. 이를 위해 정확한 재료 선택과 적절한 시공 기술을 활용하여 품질을 유지하는 것이 중요합니다. 또한, 정기적인 점검 및 유지 보수를 통해 문제를 조기에 발견하고 처리하는 것이 중요합니다. 특히, 시공 전 과정에서의 감독과 소비자 교육을 강화하여 문제 예방에 힘써야 합니다."
목질계 바닥 마감재의 하자 예방을 위한 가장 효과적인 전략은 무엇인가요?,"목질계 바닥 마감재의 하자 예방을 위한 가장 효과적인 전략은 품질 관리의 강화입니다. 이를 위해 원자재 선정부터 시공 및 유지보수까지 모든 단계에서 품질 표준을 엄격히 준수해야 합니다. 또한, 신속한 문제 해결을 위한 체계적인 관리 체계를 구축하여 발생 가능한 하자를 사전에 예방하고 처리할 수 있도록 해야 합니다. 추가로, 전문가의 지도와 교육을 통해 시공자 및 유지보수자의 기술적 능력을 향상시키는 것도 중요합니다."
온돌용 목질계 바닥 마감재의 하자율을 낮추기 위해 제조 및 시공 기업이 취할 수 있는 조치에는 어떤 것들이 포함되어야 합니까?,"온돌용 목질계 바닥 마감재의 하자율을 낮추기 위해 제조 및 시공 기업이 취할 수 있는 조치는 몇 가지가 있습니다. 먼저, 품질 관리 체계를 강화하여 원자재부터 생산, 시공까지의 모든 단계에서 품질을 관리해야 합니다. 또한, 적합한 교육을 받은 전문가들을 고용하고, 적절한 재료와 기술을 사용하여 시공을 진행해야 합니다. 고객과의 소통을 강화하고, 투명하고 신속한 문제 해결을 위해 노력하는 것도 중요합니다. 마지막으로, 정기적인 점검과 유지보수를 통해 하자가 발생하기 전에 조치를 취할 수 있도록 예방에 집중해야 합니다."
온돌용 목질계 바닥 마감재의 하자율을 낮추기 위해 제조 및 시공 기업이 취할 수 있는 기술적인 개선 방안은 무엇이 있을까요?,"온돌용 목질계 바닥 마감재의 하자율을 낮추기 위해 제조 및 시공 기업이 취할 수 있는 기술적인 개선 방안으로는 다음과 같은 것들이 있습니다. 먼저, 고품질의 원자재를 선택하고 품질 검사를 강화하여 초기 불량을 방지할 수 있습니다. 또한, 새로운 기술과 재료를 도입하여 내구성과 내습성을 향상시키고, 고온 및 습도 변화에 대비할 수 있는 강화된 마감재를 개발할 수 있습니다. 더불어, 시공 과정에서는 전문가의 신속한 대응과 품질 관리를 강화하여 시공 오류를 최소화해야 합니다. 마지막으로, 정기적인 유지보수와 감시를 통해 시공 후에도 품질을 유지할 수 있도록 관리해야 합니다."
목질계 바닥 마감재 시공 시 접수된 하자 사례 분석을 통해 알 수 있는 시공 품질 향상 방안은 무엇입니까?,"목질계 바닥 마감재 시공 시 발생한 하자 사례 분석을 통해 시공 품질을 향상시키는 방안으로는 몇 가지가 있습니다. 먼저, 적합한 시공 기술과 교육을 받은 숙련된 작업자를 고용하여 시공 품질을 보장해야 합니다. 또한, 품질 관리 및 감독체계를 강화하여 작업 과정 중에 문제점을 조기에 발견하고 수정할 수 있도록 해야 합니다. 마지막으로, 고객과의 소통을 강화하고 피드백을 적극 수용하여 계속해서 시공 품질을 개선해야 합니다."
목질계 바닥 마감재 시공 시 발생한 하자 사례를 피하는 방법은 무엇인가요?,"목질계 바닥 마감재 시공 시 발생한 하자를 피하는 방법은 몇 가지 측면에서 고려될 수 있습니다. 먼저, 적합한 자재 선택과 품질 검사를 통해 시공 이전에 미리 불량을 방지할 수 있습니다. 또한, 시공 과정에서는 적절한 기술과 절차를 준수하여 오류를 최소화해야 합니다. 특히, 작업자의 교육과 훈련을 강화하여 전문성을 향상시키는 것이 중요합니다. 또한, 시공 중에는 품질 관리 및 감독이 철저히 이루어져야 하며, 발생한 문제에 대한 신속한 대응과 수정이 이루어져야 합니다. 마지막으로, 시공 후에는 정기적인 점검과 유지보수를 통해 잠재적인 문제를 미리 예방하는 것이 필요합니다."
공동주택 목질계 바닥 마감재의 하자 접수 데이터 분석을 통해 확인할 수 있는 시공상의 주요 문제점에는 어떤 것들이 있습니까?,"목질계 바닥 마감재의 하자 접수 데이터 분석을 통해 확인할 수 있는 시공상의 주요 문제점은 다양합니다. 주요 문제점으로는 바닥 재료의 결함, 부적절한 시공 기술 및 잘못된 시공 과정 등이 있습니다. 또한, 시공 중 발생하는 오염물질의 관리 부재, 작업자의 기술 부족, 감독의 부재 등이 문제점으로 나타날 수 있습니다. 이러한 문제점은 시공 품질을 저하시키고 고객의 불만을 유발할 수 있으므로 신속하고 효과적인 대응이 필요합니다."
공동주택 목질계 바닥 마감재의 하자 접수 데이터 분석을 통해 확인할 수 있는 시공상의 주요 문제점을 해결하기 위한 대책은 무엇인가요?,"공동주택 목질계 바닥 마감재의 하자 접수 데이터 분석을 통해 확인된 시공상의 주요 문제점을 해결하기 위한 대책으로는 다음과 같은 사항이 있습니다. 먼저, 시공 과정에서의 품질 관리 강화와 작업자 교육을 통한 기술력 향상이 중요합니다. 또한, 자재 선정 및 시공 방법에 대한 엄격한 품질 관리와 검사체계를 도입하여 품질을 보장할 필요가 있습니다. 또한, 하자 발생 시 빠른 대응과 보수 조치를 취하고, 이를 통해 발생 원인을 분석하고 동일한 문제의 재발을 방지하는 것이 중요합니다. 마지막으로, 건설 현장에서의 협력과 의사 소통을 강화하여 문제 발생 시 신속한 대처와 해결이 이루어질 수 있도록 해야 합니다."
공동주택 목질계 바닥 마감재 하자 보수에 대한 소비자 만족도를 높이기 위한 방안에는 어떤 것들이 제안되었나요?,"목질계 바닥 마감재 하자 보수에 대한 소비자 만족도를 높이기 위한 방안으로는 투명하고 신속한 응대가 중요합니다. 이를 위해 소비자와의 원활한 의사소통과 공정한 보상 제도가 필요합니다. 또한, 전문적이고 신속한 보수 서비스를 제공하여 고객의 불만을 최소화하고 신뢰를 회복하는 것이 중요합니다. 추가로 고객 만족도를 높이기 위해 보수 작업 전 고객과의 상세한 협의와 보수 후 만족도 조사를 실시하여 문제를 사전에 예방하고 높은 품질의 서비스를 제공해야 합니다."
공동주택 목질계 바닥 마감재 하자 보수에 대한 소비자 만족도를 향상시키기 위한 전략은 무엇인가요?,"공동주택 목질계 바닥 마감재 하자 보수에 대한 소비자 만족도를 향상시키기 위한 전략으로는 투명하고 정확한 소통 강화, 신속하고 효과적인 보수 서비스 제공, 고객 만족도 조사를 통한 피드백 수집 및 개선, 보증 및 보수 정책의 명확한 안내 등이 있습니다. 또한, 소비자의 요구 사항을 충족시키고 공정한 처리를 위해 합리적인 보상 방안을 마련하는 것도 중요합니다."
목질계 바닥 마감재의 광범위한 보급과 시공 원가 절감을 위해 연구에서 제시된 전략적 접근 방식에는 어떤 것들이 포함되어 있습니까?,"목질계 바닥 마감재의 보급과 시공 원가 절감을 위한 전략적 접근 방식으로는 효율적인 재료 선정과 시공 프로세스의 최적화가 중요합니다. 이를 위해 연구에서는 저비용이면서도 고품질의 재료를 발견하고 개발하는 데 초점을 맞추었습니다. 또한, 표준화된 시공 절차를 도입하여 작업 시간을 단축하고 비용을 절감하는 것이 중요합니다. 또한, 교육 및 훈련 프로그램을 통해 시공자의 기술을 향상시키고 품질을 보장하는 것이 필요합니다."
목질계 바닥 마감재의 광범위한 보급과 시공 원가 절감을 위해 연구에서 제시된 전략적 접근 방식은 무엇인가요?,"목질계 바닥 마감재의 광범위한 보급과 시공 원가 절감을 위해 연구에서 제시된 전략적 접근 방식으로는 표준화된 제품 및 시공 과정의 개발과 적용, 효율적인 재료 관리 및 공정 통제, 디지털 기술과 자동화 시스템의 도입, 그리고 협력사와의 전략적 파트너십 구축 등이 있습니다. 이러한 전략을 통해 생산성을 향상시키고 비용을 절감할 수 있습니다."
공동주택 건설 공정별 하자 발생 비율을 어떻게 분석할 수 있나요?,"공동주택 건설 공정별 하자 발생 비율을 분석하기 위해서는 다음과 같은 단계를 따를 수 있습니다. 먼저, 공정별로 하자 발생을 기록하고 분류합니다. 그런 다음, 각 공정에서 발생한 하자의 유형과 심각성을 평가하고 등급을 매깁니다. 이후, 발생한 하자의 수를 해당 공정에서 발생한 전체 작업량으로 나누어 발생 비율을 계산합니다. 이를 통해 각 공정별로 하자 발생 비율을 정량적으로 분석할 수 있습니다."
공동주택 건설 공정에서 하자 발생을 최소화하기 위한 전략은 무엇인가요?,"공동주택 건설 공정에서 하자 발생을 최소화하기 위한 전략으로는 품질 관리 강화, 정확한 시공 절차 준수, 적절한 교육 및 훈련 제공, 신기술 도입과 모범 사례의 적용 등이 있습니다. 또한, 협력업체와의 원활한 커뮤니케이션과 투명한 정보 공유도 중요합니다. 이를 통해 공정의 투명성과 효율성을 높이고, 하자 발생을 최소화할 수 있습니다."
공동주택의 구조적 하자와 마감 하자의 차이점은 무엇인가요?,"구조적 하자는 건물의 구조에 관련된 결함이며, 일반적으로 건축물의 안전성과 구조적인 안정성에 영향을 미칩니다. 반면에 마감 하자는 건물의 외관이나 내부 마감재에 발생하는 결함으로, 주로 시각적이며 건축물의 완성도와 미적 가치에 영향을 줍니다. 구조적 하자는 보통 건물의 기능성과 안전성에 직접적인 영향을 미치는 반면, 마감 하자는 주로 시각적인 외관과 인테리어에 영향을 미칩니다."
공동주택의 구조적 하자와 마감 하자를 발견하는 방법은 무엇인가요?,"공동주택의 구조적 하자와 마감 하자를 발견하는 방법은 철저한 시각 검사와 기술적 평가에 기초합니다. 구조적 하자는 건물의 구조체나 기반 부분에서 발견되며, 기술적인 지식과 건축학적 전문가의 의견을 필요로 합니다. 반면에 마감 하자는 건물 내부 및 외부의 마감재나 시공 과정에서 발생하는 결함을 포함하며, 시설물을 세밀하게 조사하여 발견됩니다."
공동주택의 하자 예방 대책을 수립하는 데 있어 가장 중요한 고려 사항은 무엇인가요?,"하자 예방 대책을 수립하는 데 있어 가장 중요한 고려 사항은 초기 설계와 시공 단계에서의 철저한 품질 관리입니다. 효과적인 품질 관리는 정확한 계획과 명확한 규격을 포함하며, 각 단계에서의 감독과 점검이 필요합니다. 또한, 품질 문제를 신속하게 식별하고 수정하는 프로세스를 마련하여 조기에 대응할 수 있어야 합니다. 이는 하자 발생을 최소화하고 공동주택의 품질과 내구성을 보장하는 데 핵심적입니다."
공동주택의 하자 예방 대책을 수립할 때 고려해야 하는 법적 책임은 무엇인가요?,"하자 예방 대책을 수립할 때 고려해야 하는 법적 책임은 건축 관련 규정 및 법률을 준수하는 것입니다. 이에는 건축법, 주택법, 소유자 및 건설업체 간의 계약 조항 등이 포함됩니다. 또한, 공동주택의 소유자들에 대한 법적 의무와 책임을 고려해야 합니다. 모든 이해당사자가 책임을 이행하고 법적 요구 사항을 준수하여 하자 발생을 예방하는 것이 중요합니다."
"건축 공사 중 가장 하자 발생률이 높은 공정은 어떤 것이며, 그 원인은 무엇인가요?","건축 공사 중 가장 하자 발생률이 높은 공정은 일반적으로 외벽 공사 단계입니다. 이는 외부 환경 요소에 노출되어 있고 외벽의 방수와 절연 기능이 중요하기 때문입니다. 주요 원인으로는 시공 중 잘못된 방법이나 재료 사용, 노동력의 부족, 시공 중 감독 부재 등이 있습니다. 특히 외벽의 방수와 절연 과정에서의 오류가 하자를 유발하는 주된 이유입니다."
"건축 공사에서 가장 중요한 안전 요소는 무엇이며, 그 중요성은 어떤 이유에 기인하나요?","건축 공사에서 가장 중요한 안전 요소는 작업자 및 현장 이용자의 안전입니다. 이는 인적 손실을 방지하고 건설 현장에서 안전한 작업 환경을 유지하는 데 중요합니다. 안전한 작업 환경은 생명과 건강을 보호하고 생산성을 향상시키며, 잠재적인 사고 및 손해를 최소화하여 프로젝트 일정을 준수하고 예산을 유지하는 데 기여합니다."
"공동주택 하자 발생의 주요 원인을 분석하고, 이를 기반으로 한 예방 방안은 무엇인가요?","공동주택 하자 발생의 주요 원인은 다양한 요소에 기인합니다. 시공 과정에서의 부실한 감독, 재료 선택의 미비, 설계 오류, 인력 부족 등이 주요 원인으로 지목됩니다. 이를 해결하기 위해서는 철저한 시공 감독과 품질 관리, 적합한 재료 선택, 설계의 신뢰성 확보, 그리고 교육과 훈련을 통한 인력 강화 등이 필요합니다. 또한, 투명하고 적극적인 의사소통과 소비자 교육도 중요합니다."
공동주택에서 발생하는 하자를 예방하기 위한 핵심 전략은 무엇인가요?,"공동주택에서 하자를 예방하기 위한 핵심 전략은 품질 관리 강화와 지속적인 유지 보수입니다. 품질 관리는 설계 및 시공 단계에서 엄격한 품질 표준 준수를 포함하며, 유지 보수는 건물 및 시설을 지속적으로 모니터링하고 정기적으로 보수하여 잠재적인 하자를 조기에 식별하고 처리합니다. 이러한 접근 방식은 공동주택의 장기적인 건축물 유지 및 관리에 중요한 역할을 합니다."
공동주택 하자 관리에 있어 사용검사 전과 후의 접근 방식에는 어떤 차이가 있나요?,"사용검사 전에는 주로 설계와 시공의 적합성을 확인하고, 특히 기술적인 측면에서의 불량 여부를 확인합니다. 그러나 사용검사 후에는 주로 건물의 실제 사용 상태를 평가하고, 주민들의 생활 편의와 안전을 고려합니다. 따라서 사용자 관점에서의 편의성과 안전성이 강조되며, 관리 및 유지보수 계획에 반영됩니다."
공동주택 하자 관리에 있어 사용검사 전과 후의 접근 방식이 어떻게 변화되나요?,사용검사 전의 접근 방식은 주로 건물의 시설과 시스템을 기술적으로 검토하여 하자를 발견하고 예방합니다. 그러나 사용검사 후에는 주민들의 피드백과 실제 사용 경험을 고려하여 보다 실질적이고 실용적인 관점에서 하자를 평가하고 관리합니다. 사용자의 요구와 필요에 더 맞춰진 접근 방식을 통해 보다 효과적인 하자 관리가 이루어집니다.
공동주택의 하자 보수 기간과 하자의 책임 범위는 어떻게 결정되나요?,"공동주택의 하자 보수 기간 및 책임 범위는 건축 관련 법규와 계약 조항에 따라 결정됩니다. 일반적으로 건축법이나 건축 관련 규정에 따라 하자 보수 기간이 정해지며, 이는 일반적으로 건축물의 완공일로부터 일정 기간으로 정해집니다. 또한, 건설 계약서에는 하자의 책임 범위와 보수 조항이 명시되어 있어 시공사와 시공주 간의 책임을 명확히 합니다."
공동주택의 하자 보수를 위한 예산은 어떻게 계획되고 관리되는 건가요?,"공동주택의 하자 보수를 위한 예산은 일반적으로 관리 협회나 관리 기관에서 계획하고 관리됩니다. 이들은 주택의 유지 보수 및 개선을 위해 예산을 할당하고 사용합니다. 예산은 주요 시설과 구성 요소의 상태, 예상되는 유지 보수 비용, 법적 요구 사항 등을 고려하여 수립됩니다. 또한, 예산의 효율적인 사용을 위해 정기적인 검토와 감시가 이루어집니다."
공동주택에서 사용상의 하자와 시공상의 하자를 구분하는 기준은 무엇인가요?,"공동주택에서 사용상의 하자와 시공상의 하자를 구분하는 주요 기준은 하자의 발생 시기와 원인에 있습니다. 사용상의 하자는 건물이 사용되는 과정에서 나타나는 하자로, 주로 사용자의 사용 방식이나 유지 관리 상태에 따라 발생합니다. 반면에 시공상의 하자는 건축물이 건설되는 과정에서 발생하는 하자로, 건설 시에 발생한 설계, 재료, 시공 등의 결함에 기인합니다. 이러한 기준을 통해 하자의 본질을 파악하여 적절한 보수 및 관리 대책을 수립할 수 있습니다."
공동주택에서 시공상의 하자를 발견하는 방법은 무엇인가요?,"공동주택에서 시공상의 하자를 발견하는 방법에는 다양한 절차와 도구가 사용됩니다. 이에는 시설 검사, 시공자의 보고서 및 문서 검토, 건축 전문가의 현장 검토 등이 포함됩니다. 또한 건축 기록 및 시공과정 감시를 통해 발생한 하자를 확인할 수 있습니다. 요약하면, 하자를 발견하기 위해 전문적인 검사와 현장 검토가 필요합니다."
하자 보수 대상이 되는 주요 시설과 그 하자 범위에는 어떤 것들이 포함되나요?,"주택의 하자 보수 대상은 주로 건축물의 핵심 시설과 구성 요소를 포함합니다. 이에는 외벽, 지붕, 창문 및 문, 배관 및 전기 시스템 등이 포함될 수 있습니다. 하자 범위는 각 시설의 기능적 결함, 물리적 손상 또는 골격 구조의 문제를 포함합니다. 외벽의 경우 균열, 수분 침입 및 단열재의 노후화가 문제가 될 수 있습니다. 지붕에서는 누수, 파손된 단열재, 및 지붕재의 부식 등이 주요 문제로 나타날 수 있습니다. 창문 및 문은 누수, 밀폐성 문제, 및 작동 상태 등의 이슈를 갖고 있을 수 있습니다. 배관 및 전기 시스템은 누수, 전기 고장, 및 오염된 공기 등이 하자로 나타날 수 있습니다."
주요 시설의 하자 보수에 필요한 예산은 어떻게 산정되나요?,"주요 시설의 하자 보수에 필요한 예산은 다양한 요소를 고려하여 산정됩니다. 이에는 보수가 필요한 시설의 종류, 크기, 나이, 그리고 발생한 하자의 심각성 등이 포함됩니다. 또한 시장 조건, 재료 및 노동비용, 그리고 관리 및 운영 비용도 고려됩니다. 보통은 전문가들이 현장을 조사하고 분석하여 필요한 예산을 산정합니다."
공동주택 하자 보수에 있어 주택법시행령에서 정한 하자 보수 보증금 예치 제도의 역할과 중요성은 무엇인가요?,주택법시행령에서 정한 하자 보수 보증금 예치 제도는 공동주택의 건축물 관리 및 하자 보수를 위한 재정적 보장을 제공합니다. 이 제도는 주택의 건축자 또는 시행자가 건축물의 완성 후 일정 기간 동안 하자 보수를 보장하기 위해 보증금을 지불하는 것을 요구합니다. 이는 소유자에게 안정성을 제공하고 건물의 장기적인 유지 보수를 보장합니다. 따라서 이 제도는 공동주택의 건축물 보수 및 안전에 중요한 역할을 합니다.
하자 보수 보증금 예치 제도가 공동주택의 유지와 관리에 미치는 영향은 무엇인가요?,하자 보수 보증금 예치 제도는 공동주택의 유지와 관리에 긍정적인 영향을 미칠 수 있습니다. 이는 보증금이 하자 발생 시 보수에 사용되어 건물의 유지보수에 필요한 자금을 확보하는 데 도움이 되기 때문입니다. 이는 건물의 장기적인 안전성과 가치를 유지하는 데 기여할 수 있습니다.
공동주택 하자 발생 시 하자 보수 요구 절차는 어떻게 진행되나요?,"공동주택에서 하자 발생 시, 먼저 소유자는 관리사무소에 하자를 신고합니다. 관리사무소는 이에 대한 조사를 진행하고, 필요한 경우 전문가의 의견을 수렴합니다. 그런 다음에는 하자 보수를 요구하기 위한 서면 통지가 소유자에게 발송됩니다. 소유자는 이에 대한 확인 및 조치에 동의하거나 이의를 제기할 수 있습니다. 동의할 경우 보수 작업이 진행되고, 이의를 제기할 경우 관련 당사자 간 협의가 이루어지게 됩니다. 필요한 경우, 이 과정에서 중재나 법적 절차가 필요할 수 있습니다."
공동주택에서 하자 발생 시 하자 보수 비용은 누가 부담하나요?,공동주택에서 하자 발생 시 하자 보수 비용은 일반적으로 건설사나 시공사가 부담합니다. 하지만 하자의 원인이 설계나 재료의 불량 등에 기인한다면 해당 책임자가 보수 비용을 부담하게 됩니다. 보통은 건물 소유자들이 건물 관리비를 통해 이러한 비용을 분담합니다.
공동주택의 하자 발생률을 줄이기 위한 사전 예방 조치에는 어떤 것들이 있나요?,"하자 발생률을 줄이기 위한 사전 예방 조치로는 다음과 같은 것들이 있습니다:

1. 철저한 시공 계획과 감독: 정확한 시공 계획 수립과 감독을 통해 오류를 최소화합니다.
2. 품질 관리 시스템: 효과적인 품질 관리 시스템을 도입하여 품질을 일관되게 유지합니다.
3. 합리적인 자재 선택: 고품질의 자재를 선택하고, 시공 및 관리 과정에서 자세한 검사를 거칩니다.
4. 교육과 훈련: 시공자와 관리자에 대한 교육 및 훈련을 강화하여 전문성을 향상시킵니다.
5. 주기적인 점검과 유지보수: 시설의 주기적인 점검과 유지보수를 통해 문제를 조기에 발견하고 예방합니다."
공동주택의 하자 발생률을 감소시키기 위한 사전 예방 조치 중 가장 효과적인 것은 무엇인가요?,"하자 발생률을 감소시키기 위한 가장 효과적인 사전 예방 조치는 품질 관리 및 감독 강화입니다. 이를 위해 건설 현장에서 엄격한 품질 표준을 준수하고, 공정 간의 원활한 협력과 의사 소통을 강조해야 합니다. 또한 공정 중 발생할 수 있는 잠재적인 문제점을 사전에 예측하고 대비하기 위해 전문가의 조언을 수용하는 것이 중요합니다."
공동주택 하자 보수 완료 후 재발 방지를 위한 관리 전략은 무엇인가요?,"하자 보수 완료 후 재발 방지를 위한 관리 전략은 다음과 같습니다:

1. 주기적인 검사와 유지보수: 시설을 정기적으로 점검하여 문제를 조기에 발견하고 조치합니다.
2. 교육과 훈련: 시설 관리자 및 주거자에게 하자 발생을 예방하는 교육을 제공하고, 필요한 경우 관련 훈련을 실시합니다.
3. 효과적인 보수 기록 유지: 하자 보수 내역과 관리 기록을 철저히 유지하여 재발 방지에 도움이 되도록 합니다.
4. 개선 접근 방법 도입: 이전 하자 발생 경험을 바탕으로 시설 관리 및 운영 접근 방법을 지속적으로 개선합니다.
5. 주민 참여와 의사 소통 강화: 주민들의 의견을 수렴하고 소통을 강화하여 문제를 신속하게 해결하고 재발을 예방합니다."
공동주택 하자 보수 완료 후 시설 유지를 위한 필수 조치는 무엇인가요?,"공동주택 하자 보수 완료 후 시설 유지를 위한 필수 조치로는 정기적인 점검 및 유지보수가 중요합니다. 이에는 건물 구조물과 시설물의 상태를 확인하고 문제점을 조기에 발견하여 처리하는 것이 포함됩니다. 또한 시설 유지를 위한 충분한 예산을 배정하고, 전문가의 조언에 따라 필요한 보수 및 개선 작업을 수행하는 것이 필요합니다."
공동주택 하자와 관련한 분쟁을 해결하기 위한 법적 절차와 대응 방안은 무엇인가요?,"공동주택 하자와 관련한 분쟁을 해결하기 위한 법적 절차와 대응 방안은 다음과 같습니다:

1. 중재 및 조정: 분쟁을 중재하거나 조정하기 위해 중재기구나 조정기관에 의뢰합니다.
2. 소송: 필요한 경우 법원에 소송을 제기하여 분쟁을 해결합니다. 변호사의 자문을 받는 것이 좋습니다.
3. 법률 상담: 전문 법률 자문을 통해 개별적인 상황에 맞는 법적 해결책을 모색합니다.
4. 협상: 분쟁 당사자 간의 협상을 통해 상호 합의된 해결 방안을 찾습니다.
5. 진행 상황 추적 및 문서화: 분쟁의 진행 상황을 철저히 추적하고 관련 문서를 정확히 보관하여 법적 절차에 준비합니다."
공동주택 하자 발견 시 소유자들 간의 협의를 위한 방안은 어떤 것이 있을까요?,"공동주택에서 하자 발견 시 소유자들 간의 협의를 위해 중재자나 전문가의 참여를 유도할 수 있습니다. 또한 소유자 모임을 통해 문제를 논의하고, 상호 합의된 해결책을 탐색할 수 있습니다. 이를 위해 공정하고 투명한 의사 결정 과정을 유지하고, 모든 이해당사자의 의견을 존중하는 것이 중요합니다."
공동주택에서 하자 보수 기간 내에 발생한 하자와 그 이후에 발생한 하자의 처리 방식에는 어떤 차이가 있나요?,"공동주택에서 하자 보수 기간 내에 발생한 하자와 이후에 발생한 하자의 처리 방식에는 법적 책임과 보증 범위에서 차이가 있습니다. 기간 내 하자는 시공사 또는 건축사의 책임하에 무상으로 보수되지만, 이후 발생한 하자는 소유자의 책임으로 간주될 수 있으며, 보증 범위에 따라 유상 또는 무상으로 처리될 수 있습니다. 하자 보수 기간 내에 발견된 하자는 시공사나 건축사에게 즉시 보수를 요청할 수 있지만, 이후 발생한 하자의 경우 소유자가 보수를 위해 추가적인 조치를 취해야 할 수 있습니다."
공동주택에서 하자 보수 기간 내에 발생한 하자와 그 이후에 발생한 하자의 처리 방식은 어떻게 다른가요?,"하자 보수 기간 내에 발생한 하자는 건축사 또는 시공사의 책임하에 있어 무상으로 보수되지만, 이후에 발생한 하자는 주로 소유자의 책임으로 간주되며 보증 범위 내에서 유상 또는 무상으로 처리될 수 있습니다. 보수 기간 내 하자는 즉시 시공사에게 요청하여 보수할 수 있지만, 이후에 발생한 하자는 소유자가 추가적인 조치를 취해야 할 수 있습니다."
